# Logfile LoRaWAN TTN/TTS V3 logger version hka-log V 1.1
date_time;device_id;tmp;hum;CO2;VOC;vis;IR;WIFI;BLE;rssi;channel_rssi;snr;gateway;channel_index;spreading_factor;bandwidth;f_cnt
2023-07-16 00:03:45; hka-aqm-a108;  30.44;  44.62;   439;  2339;     6;     2;     1;     0;  -124;  -124;  -9.2; drag-outd-01; 2; 8; 125000; 1533
2023-07-16 00:34:23; hka-aqm-a108;  30.38;  44.78;   440;  2362;     6;     0;     1;     0;  -125;  -125;  -7.0; drag-outd-01; 4; 8; 125000; 1536
2023-07-16 00:49:41; hka-aqm-a108;  30.32;  44.94;   445;  2322;     6;     2;     0;     0;  -129;  -129;  -8.8; drag-lps8-08; 0; 8; 125000; 1538
2023-07-16 01:05:00; hka-aqm-a108;  30.30;  45.10;   443;  2312;     6;     0;     1;     0;  -126;  -126;  -6.5; drag-outd-01; 3; 8; 125000; 1539
2023-07-16 01:20:20; hka-aqm-a108;  30.25;  45.20;   449;  2311;     6;     0;     1;     0;  -124;  -124;  -5.5; drag-outd-01; 4; 8; 125000; 1540
2023-07-16 01:21:13; hka-aqm-a108;  30.24;  45.26;   444;  2401;     9;     3;     4;    21;  -120;  -120;  -8.8; drag-outd-01; 6; 8; 125000; 1541
2023-07-16 01:36:34; hka-aqm-a108;  30.21;  45.30;   460;  2304;     6;     2;     2;     0;  -127;  -127; -10.2; drag-outd-01; 2; 8; 125000; 1542
2023-07-16 01:51:53; hka-aqm-a108;  30.17;  45.49;   449;  2344;     9;     3;     2;     0;  -121;  -121;  -8.8; drag-outd-01; 5; 8; 125000; 1543
2023-07-16 02:07:14; hka-aqm-a108;  30.12;  45.62;   447;  2298;     6;     2;     1;     0;  -125;  -125;  -6.0; drag-outd-01; 3; 8; 125000; 1544
2023-07-16 02:22:33; hka-aqm-a108;  30.06;  45.75;   447;  2276;     6;     1;     2;     0;  -126;  -126;  -8.8; drag-outd-01; 2; 8; 125000; 1546
2023-07-16 02:52:45; hka-aqm-a108;  29.97;  45.88;   449;  2254;     9;     3;     1;     0;  -127;  -127; -10.8; drag-lps8-08; 1; 8; 125000; 1548
2023-07-16 03:07:52; hka-aqm-a108;  29.95;  46.01;   449;  2257;     6;     0;     3;     0;  -128;  -128;  -8.8; drag-lps8-08; 4; 8; 125000; 1549
2023-07-16 03:22:58; hka-aqm-a108;  29.87;  46.14;   448;  2241;     6;     0;     0;     0;  -126;  -126;  -5.8; drag-lps8-08; 0; 8; 125000; 1550
2023-07-16 03:38:05; hka-aqm-a108;  29.87;  46.07;   447;  2221;     6;     0;     1;     0;  -127;  -127;  -8.0; drag-lps8-08; 5; 8; 125000; 1551
2023-07-16 03:53:14; hka-aqm-a108;  29.82;  46.14;   456;  2227;     6;     0;     3;     0;  -127;  -127;  -7.8; drag-lps8-08; 7; 8; 125000; 1552
2023-07-16 04:08:20; hka-aqm-a108;  29.78;  46.14;   450;  2289;     6;     0;     1;     0;  -128;  -128;  -9.8; drag-lps8-08; 2; 8; 125000; 1553
2023-07-16 04:53:40; hka-aqm-a108;  29.68;  46.07;   448;  2198;     8;     2;     1;     0;  -124;  -124;  -7.5; drag-lps8-08; 6; 8; 125000; 1556
2023-07-16 05:08:46; hka-aqm-a108;  29.62;  46.07;   450;  2178;     6;     0;     1;     0;  -124;  -124;  -7.0; drag-lps8-08; 1; 8; 125000; 1557
2023-07-16 05:23:54; hka-aqm-a108;  29.58;  46.07;   450;  2190;     8;     1;     0;     0;  -127;  -127;  -7.8; drag-lps8-08; 4; 8; 125000; 1558
2023-07-16 05:39:13; hka-aqm-a108;  29.52;  46.07;   453;  2193;    10;     1;     3;     0;  -123;  -123;  -6.0; drag-lps8-08; 7; 8; 125000; 1560
2023-07-16 05:54:32; hka-aqm-a108;  29.49;  46.04;   445;  2167;    30;     5;     3;     0;  -125;  -125;  -7.2; drag-lps8-08; 1; 8; 125000; 1561
2023-07-16 06:09:53; hka-aqm-a108;  29.52;  45.88;   447;  2156;    84;    18;     3;     0;  -124;  -124;  -7.5; drag-lps8-08; 5; 8; 125000; 1562
2023-07-16 06:25:13; hka-aqm-a108;  29.49;  45.85;   451;  2148;    99;    21;     0;     0;  -123;  -123;  -5.0; drag-lps8-08; 0; 8; 125000; 1563
2023-07-16 06:40:32; hka-aqm-a108;  29.50;  45.81;   446;  2144;   292;    66;     3;     0;  -125;  -125;  -7.0; drag-lps8-08; 7; 8; 125000; 1564
2023-07-16 06:55:52; hka-aqm-a108;  29.52;  45.72;   451;  2133;   340;    74;     3;     0;  -126;  -126;  -8.2; drag-lps8-08; 1; 8; 125000; 1565
2023-07-16 06:57:11; hka-aqm-a108;  29.51;  45.72;   451;  2130;   432;    99;     3;     0;  -122;  -122; -12.2; drag-outd-01; 5; 8; 125000; 1567
2023-07-16 06:57:32; hka-aqm-a108;  29.54;  45.68;   449;  2130;   506;   122;     2;     0;  -125;  -125;  -7.2; drag-outd-01; 3; 8; 125000; 1568
2023-07-16 06:58:12; hka-aqm-a108;  29.51;  45.68;   452;  2233;   371;    85;     2;     0;  -122;  -122;  -6.8; drag-outd-01; 4; 8; 125000; 1569
2023-07-16 07:00:12; hka-aqm-a108;  29.54;  45.62;   447;  2144;   378;    91;     2;     0;  -124;  -124;  -6.2; drag-lps8-08; 7; 8; 125000; 1570
2023-07-16 07:00:32; hka-aqm-a108;  29.56;  45.68;   447;  2140;   265;    59;     0;     0;  -124;  -124;  -6.2; drag-lps8-08; 5; 8; 125000; 1571
2023-07-16 07:08:13; hka-aqm-a108;  29.50;  45.62;   458;  2140;   415;    80;     2;     0;  -125;  -125;  -8.0; drag-lps8-08; 6; 8; 125000; 1572
2023-07-16 07:09:12; hka-aqm-a108;  29.56;  45.62;   449;  2209;   539;   109;     1;     0;  -124;  -124;  -7.5; drag-lps8-08; 2; 8; 125000; 1573
2023-07-16 07:09:32; hka-aqm-a108;  29.56;  45.56;   448;  2183;   666;   142;     1;     0;  -126;  -126;  -6.5; drag-lps8-08; 0; 8; 125000; 1574
2023-07-16 07:09:52; hka-aqm-a108;  29.57;  45.56;   447;  2164;   982;   225;     1;     0;  -126;  -126;  -9.5; drag-lps8-08; 1; 8; 125000; 1575
2023-07-16 07:11:11; hka-aqm-a108;  29.54;  45.59;   453;  2144;  1118;   261;     1;     0;  -128;  -128;  -9.5; drag-outd-01; 3; 8; 125000; 1576
2023-07-16 07:11:32; hka-aqm-a108;  29.56;  45.59;   451;  2139;  1184;   280;     1;     0;  -126;  -126;  -8.8; drag-lps8-08; 6; 8; 125000; 1577
2023-07-16 07:12:52; hka-aqm-a108;  29.62;  45.52;   447;  2103;  1009;   232;     2;     0;  -125;  -125;  -8.0; drag-outd-01; 4; 8; 125000; 1578
2023-07-16 07:13:12; hka-aqm-a108;  29.63;  45.56;   447;  2115;   703;   155;     1;     0;  -127;  -127;  -8.2; drag-lps8-08; 2; 8; 125000; 1579
2023-07-16 07:13:32; hka-aqm-a108;  29.60;  45.59;   447;  2120;   579;   124;     1;     0;  -126;  -126;  -8.5; drag-lps8-08; 1; 8; 125000; 1580
2023-07-16 07:14:33; hka-aqm-a108;  29.65;  45.52;   449;  2123;   824;   190;     1;     0;  -125;  -125;  -8.0; drag-lps8-08; 0; 8; 125000; 1581
2023-07-16 07:14:52; hka-aqm-a108;  29.60;  45.49;   448;  2126;  1107;   261;     1;     0;  -127;  -127;  -9.8; drag-outd-01; 3; 8; 125000; 1582
2023-07-16 07:15:52; hka-aqm-a108;  29.58;  45.49;   455;  2124;   832;   196;     1;     0;  -126;  -126;  -8.5; drag-lps8-08; 5; 8; 125000; 1583
2023-07-16 07:16:12; hka-aqm-a108;  29.62;  45.49;   452;  2126;   350;    77;     1;     0;  -123;  -123;  -9.2; drag-outd-01; 7; 8; 125000; 1584
2023-07-16 07:31:18; hka-aqm-a108;  29.56;  45.43;   445;  2135;   348;    77;     2;     0;  -123;  -123;  -9.8; drag-outd-01; 5; 8; 125000; 1585
2023-07-16 07:32:32; hka-aqm-a108;  29.56;  45.46;   448;  2122;   442;   103;     2;     0;  -126;  -126;  -9.0; drag-lps8-08; 3; 8; 125000; 1586
2023-07-16 07:35:33; hka-aqm-a108;  29.56;  45.39;   444;  2132;   608;   137;     1;     0;  -130;  -130; -10.8; drag-lps8-08; 2; 8; 125000; 1587
2023-07-16 07:35:53; hka-aqm-a108;  29.57;  45.39;   445;  2123;   385;    88;     0;     0;  -121;  -121;  -6.0; drag-outd-01; 4; 8; 125000; 1588
2023-07-16 07:39:31; hka-aqm-a108;  29.59;  45.39;   448;  2136;   537;   121;     2;     0;  -126;  -126;  -8.2; drag-lps8-08; 7; 8; 125000; 1589
2023-07-16 07:39:53; hka-aqm-a108;  29.58;  45.36;   446;  2127;   759;   176;     2;     0;  -125;  -125;  -8.0; drag-lps8-08; 6; 8; 125000; 1590
2023-07-16 07:40:12; hka-aqm-a108;  29.60;  45.33;   445;  2122;   865;   205;     1;     0;  -128;  -128;  -8.8; drag-lps8-08; 0; 8; 125000; 1591
2023-07-16 07:40:51; hka-aqm-a108;  29.56;  45.33;   448;  2116;  1000;   238;     1;     0;  -127;  -127; -10.0; drag-lps8-08; 1; 8; 125000; 1592
2023-07-16 07:41:11; hka-aqm-a108;  29.56;  45.36;   446;  2115;  1717;   399;     1;     0;  -119;  -119;  -4.0; drag-outd-01; 4; 8; 125000; 1593
2023-07-16 07:41:33; hka-aqm-a108;  29.56;  45.30;   446;  2110;  1004;   238;     1;     0;  -125;  -125;  -7.2; drag-lps8-08; 6; 8; 125000; 1594
2023-07-16 07:42:32; hka-aqm-a108;  29.58;  45.30;   446;  2110;  1138;   263;     0;     0;  -130;  -130; -10.0; drag-lps8-08; 0; 8; 125000; 1596
2023-07-16 07:43:11; hka-aqm-a108;  29.56;  45.30;   450;  2111;  1408;   323;     0;     0;  -127;  -127;  -9.2; drag-lps8-08; 1; 8; 125000; 1597
2023-07-16 07:43:31; hka-aqm-a108;  29.62;  45.30;   449;  2112;  1227;   279;     0;     0;  -126;  -126;  -7.0; drag-lps8-08; 7; 8; 125000; 1598
2023-07-16 07:43:52; hka-aqm-a108;  29.62;  45.30;   448;  2112;  1368;   317;     2;     0;  -124;  -124;  -8.2; drag-lps8-08; 2; 8; 125000; 1599
2023-07-16 07:44:13; hka-aqm-a108;  29.62;  45.30;   446;  2117;  2463;   569;     2;     0;  -126;  -126;  -7.2; drag-lps8-08; 5; 8; 125000; 1600
2023-07-16 07:44:32; hka-aqm-a108;  29.61;  45.23;   445;  2114;  2525;   580;     1;     0;  -128;  -128;  -7.8; drag-lps8-08; 0; 8; 125000; 1601
2023-07-16 07:44:53; hka-aqm-a108;  29.66;  45.17;   444;  2112;  2598;   596;     1;     0;  -126;  -126;  -8.0; drag-lps8-08; 6; 8; 125000; 1602
2023-07-16 07:45:52; hka-aqm-a108;  29.62;  45.17;   447;  2113;  1204;   279;     2;     0;  -128;  -128;  -7.8; drag-lps8-08; 7; 8; 125000; 1603
2023-07-16 07:46:13; hka-aqm-a108;  29.64;  45.17;   446;  2113;  1321;   302;     1;     0;  -124;  -124;  -6.8; drag-lps8-08; 5; 8; 125000; 1604
2023-07-16 07:46:32; hka-aqm-a108;  29.64;  45.17;   445;  2111;  1148;   261;     2;     0;  -126;  -126;  -9.5; drag-lps8-08; 1; 8; 125000; 1605
2023-07-16 07:47:11; hka-aqm-a108;  29.62;  45.17;   448;  2153;   965;   218;     2;     0;  -128;  -128;  -9.5; drag-lps8-08; 2; 8; 125000; 1606
2023-07-16 07:47:52; hka-aqm-a108;  29.66;  45.20;   445;  2126;  1035;   231;     1;     0;  -126;  -126;  -8.5; drag-lps8-08; 3; 8; 125000; 1607
2023-07-16 07:48:32; hka-aqm-a108;  29.66;  45.20;   444;  2117;  1150;   255;     2;     0;  -123;  -123;  -5.2; drag-lps8-08; 4; 8; 125000; 1608
2023-07-16 07:48:52; hka-aqm-a108;  29.66;  45.17;   444;  2115;  1553;   346;     1;     0;  -124;  -124;  -6.8; drag-lps8-08; 5; 8; 125000; 1609
2023-07-16 07:49:32; hka-aqm-a108;  29.67;  45.17;   448;  2101;  2708;   622;     1;     0;  -125;  -125;  -8.8; drag-lps8-08; 2; 8; 125000; 1610
2023-07-16 07:49:53; hka-aqm-a108;  29.68;  45.10;   446;  2138;  1902;   444;     0;     0;  -127;  -127;  -8.2; drag-lps8-08; 0; 8; 125000; 1611
2023-07-16 07:50:12; hka-aqm-a108;  29.70;  45.10;   445;  2127;  2475;   572;     1;     0;  -118;  -118;  -9.8; drag-outd-01; 6; 8; 125000; 1612
2023-07-16 07:50:52; hka-aqm-a108;  29.74;  45.10;   448;  2123;  1583;   370;     1;     0;  -126;  -126; -10.5; drag-lps8-08; 3; 8; 125000; 1613
2023-07-16 07:51:12; hka-aqm-a108;  29.74;  45.10;   446;  2120;  1463;   344;     1;     0;  -126;  -126;  -8.0; drag-lps8-08; 1; 8; 125000; 1614
2023-07-16 07:51:32; hka-aqm-a108;  29.70;  45.10;   445;  2119;  1370;   324;     2;     0;  -124;  -124;  -7.5; drag-lps8-08; 4; 8; 125000; 1615
2023-07-16 07:52:13; hka-aqm-a108;  29.65;  45.10;   444;  2047;  1530;   345;     2;     0;  -126;  -126;  -7.5; drag-lps8-08; 7; 8; 125000; 1616
2023-07-16 07:52:32; hka-aqm-a108;  29.68;  45.10;   444;  2066;  1383;   314;     1;     0;  -124;  -124;  -7.5; drag-lps8-08; 1; 8; 125000; 1617
2023-07-16 07:52:53; hka-aqm-a108;  29.61;  45.07;   444;  2086;  1686;   382;     1;     0;  -124;  -124;  -8.5; drag-lps8-08; 3; 8; 125000; 1618
2023-07-16 07:53:12; hka-aqm-a108;  29.66;  45.10;   445;  2098;  2606;   597;     1;     0;  -126;  -126;  -8.5; drag-lps8-08; 6; 8; 125000; 1619
2023-07-16 07:53:32; hka-aqm-a108;  29.67;  45.10;   445;  2099;  2717;   624;     1;     0;  -125;  -125;  -8.0; drag-lps8-08; 7; 8; 125000; 1620
2023-07-16 07:53:52; hka-aqm-a108;  29.71;  45.10;   444;  2101;  2509;   575;     1;     0;  -123;  -123;  -7.8; drag-outd-01; 4; 8; 125000; 1621
2023-07-16 07:54:12; hka-aqm-a108;  29.68;  45.10;   444;  2104;  2586;   584;     1;     0;  -129;  -129; -11.2; drag-lps8-08; 2; 8; 125000; 1622
2023-07-16 07:54:32; hka-aqm-a108;  29.66;  45.10;   444;  2105;  2456;   545;     1;     0;  -129;  -129;  -9.2; drag-lps8-08; 0; 8; 125000; 1623
2023-07-16 07:55:11; hka-aqm-a108;  29.68;  45.01;   448;  2103;  2328;   506;     1;     0;  -124;  -124;  -6.5; drag-lps8-08; 5; 8; 125000; 1624
2023-07-16 07:55:31; hka-aqm-a108;  29.63;  45.04;   447;  2101;  2260;   485;     1;     0;  -128;  -128;  -8.0; drag-lps8-08; 0; 8; 125000; 1625
2023-07-16 07:56:13; hka-aqm-a108;  29.73;  45.07;   445;  2101;  2044;   428;     1;     0;  -127;  -127;  -8.2; drag-lps8-08; 5; 8; 125000; 1627
2023-07-16 07:56:33; hka-aqm-a108;  29.70;  45.07;   445;  2101;  1992;   412;     1;     0;  -127;  -127; -10.0; drag-lps8-08; 1; 8; 125000; 1628
2023-07-16 08:10:31; hka-aqm-a108;  29.94;  44.65;   456;  2028;  1813;   375;     2;     0;  -128;  -128;  -9.5; drag-outd-01; 3; 8; 125000; 1629
2023-07-16 08:13:12; hka-aqm-a108;  29.95;  44.52;   447;  2101;  1766;   358;     2;     0;  -129;  -129; -10.8; drag-lps8-08; 6; 8; 125000; 1630
2023-07-16 08:13:53; hka-aqm-a108;  29.98;  44.52;   450;  2102;  1609;   314;     1;     0;  -121;  -121;  -6.0; drag-outd-01; 4; 8; 125000; 1631
2023-07-16 08:15:12; hka-aqm-a108;  29.94;  44.52;   448;  2172;  1222;   225;     1;     0;  -130;  -130;  -9.8; drag-lps8-08; 7; 8; 125000; 1632
2023-07-16 08:15:52; hka-aqm-a108;  30.02;  44.46;   450;  2151;  1730;   340;     2;     0;  -125;  -125;  -7.2; drag-lps8-08; 5; 8; 125000; 1633
2023-07-16 08:30:58; hka-aqm-a108;  30.24;  44.00;   462;  2160;  1468;   282;     2;     0;  -124;  -124;  -6.5; drag-outd-01; 4; 8; 125000; 1634
2023-07-16 08:43:12; hka-aqm-a108;  30.44;  43.64;   448;  2112;  1089;   198;     0;     0;  -128;  -128;  -8.5; drag-lps8-08; 7; 8; 125000; 1636
2023-07-16 08:43:51; hka-aqm-a108;  30.42;  43.61;   450;  2110;   935;   168;     1;     0;  -128;  -128;  -8.2; drag-lps8-08; 0; 8; 125000; 1637
2023-07-16 08:44:51; hka-aqm-a108;  30.40;  43.55;   452;  2111;   985;   180;     1;     0;  -128;  -128;  -9.5; drag-lps8-08; 2; 8; 125000; 1638
2023-07-16 08:45:32; hka-aqm-a108;  30.46;  43.58;   449;  2199;  1430;   284;     1;     0;  -128;  -128; -10.8; drag-lps8-08; 1; 8; 125000; 1639
2023-07-16 08:46:31; hka-aqm-a108;  30.49;  43.42;   456;  2168;  1353;   272;     1;     0;  -124;  -124;  -9.2; drag-lps8-08; 3; 8; 125000; 1640
2023-07-16 08:46:52; hka-aqm-a108;  30.49;  43.45;   453;  2149;  1143;   223;     1;     0;  -129;  -129; -10.8; drag-lps8-08; 2; 8; 125000; 1641
2023-07-16 08:49:13; hka-aqm-a108;  30.56;  43.35;   451;  2113;  1452;   281;     1;     0;  -126;  -126;  -9.5; drag-lps8-08; 6; 8; 125000; 1643
2023-07-16 08:50:53; hka-aqm-a108;  30.59;  43.29;   454;  2106;  1550;   307;     1;     0;  -128;  -128;  -8.0; drag-lps8-08; 7; 8; 125000; 1645
2023-07-16 08:51:32; hka-aqm-a108;  30.61;  43.38;   449;  2124;  1102;   208;     0;     0;  -120;  -120;  -4.0; drag-outd-01; 3; 8; 125000; 1646
2023-07-16 08:53:13; hka-aqm-a108;  30.66;  43.32;   448;  2059;  1295;   257;     1;     0;  -127;  -127;  -9.0; drag-outd-01; 3; 8; 125000; 1647
2023-07-16 08:53:52; hka-aqm-a108;  30.65;  43.29;   447;  2096;  1549;   318;     0;     0;  -125;  -125;  -7.8; drag-lps8-08; 4; 8; 125000; 1648
2023-07-16 08:54:45; hka-aqm-a108;  30.67;  43.29;   447;  2101;  1086;   214;     0;     0;  -124;  -124;  -7.5; drag-lps8-08; 5; 8; 125000; 1649
2023-07-16 08:55:12; hka-aqm-a108;  30.63;  43.29;   445;  2101;  1417;   287;     0;     0;  -128;  -128;  -9.0; drag-lps8-08; 2; 8; 125000; 1650
2023-07-16 08:56:13; hka-aqm-a108;  30.68;  43.29;   445;  2103;  1017;   194;     0;     0;  -120;  -120;  -9.2; drag-outd-01; 6; 8; 125000; 1652
2023-07-16 08:57:12; hka-aqm-a108;  30.63;  43.29;   444;  2105;  1020;   193;     1;     0;  -127;  -127;  -7.8; drag-lps8-08; 2; 8; 125000; 1654
2023-07-16 08:58:12; hka-aqm-a108;  30.70;  43.22;   444;  2105;  1466;   291;     1;     0;  -123;  -123; -10.0; drag-outd-01; 7; 8; 125000; 1655
2023-07-16 08:59:33; hka-aqm-a108;  30.68;  43.22;   446;  2105;  1015;   193;     1;     0;  -127;  -127; -10.2; drag-lps8-08; 3; 8; 125000; 1656
2023-07-16 08:59:53; hka-aqm-a108;  30.70;  43.22;   445;  2087;  1333;   269;     1;     0;  -124;  -124; -10.2; drag-outd-01; 0; 8; 125000; 1657
2023-07-16 09:00:12; hka-aqm-a108;  30.70;  42.96;   444;  2090;  1400;   289;     1;     0;  -123;  -123;  -7.8; drag-outd-01; 4; 8; 125000; 1658
2023-07-16 09:00:32; hka-aqm-a108;  30.70;  43.19;   444;  2098;  1014;   202;     0;     0;  -125;  -125; -10.0; drag-lps8-08; 1; 8; 125000; 1659
2023-07-16 09:01:12; hka-aqm-a108;  30.70;  43.19;   448;  2101;  1386;   284;     2;     0;  -126;  -126;  -8.5; drag-lps8-08; 5; 8; 125000; 1660
2023-07-16 09:01:53; hka-aqm-a108;  30.75;  43.16;   450;  2107;   994;   199;     2;     0;  -124;  -124;  -6.5; drag-outd-01; 3; 8; 125000; 1661
2023-07-16 09:02:12; hka-aqm-a108;  30.76;  43.16;   448;  2107;  1121;   230;     0;     0;  -128;  -128;  -9.5; drag-lps8-08; 2; 8; 125000; 1662
2023-07-16 09:02:51; hka-aqm-a108;  30.73;  43.03;   450;  2105;   951;   191;     1;     0;  -126;  -126;  -7.5; drag-lps8-08; 7; 8; 125000; 1663
2023-07-16 09:03:33; hka-aqm-a108;  30.78;  43.12;   446;  2082;   813;   165;     1;     0;  -127;  -127;  -8.2; drag-lps8-08; 0; 8; 125000; 1664
2023-07-16 09:04:11; hka-aqm-a108;  30.75;  43.16;   449;  2091;   704;   144;     0;     0;  -125;  -125;  -6.8; drag-lps8-08; 4; 8; 125000; 1665
2023-07-16 09:04:33; hka-aqm-a108;  30.80;  42.96;   447;  2100;   556;   116;     0;     0;  -124;  -124;  -6.5; drag-lps8-08; 6; 8; 125000; 1666
2023-07-16 09:05:12; hka-aqm-a108;  30.79;  43.12;   450;  2102;   934;   203;     0;     0;  -125;  -125;  -8.0; drag-lps8-08; 5; 8; 125000; 1667
2023-07-16 09:05:32; hka-aqm-a108;  30.76;  43.12;   448;  2103;   677;   143;     0;     0;  -124;  -124;  -6.2; drag-lps8-08; 2; 8; 125000; 1668
2023-07-16 09:07:13; hka-aqm-a108;  30.79;  43.09;   446;  2104;  1075;   230;     0;     0;  -128;  -128;  -8.8; drag-lps8-08; 7; 8; 125000; 1670
2023-07-16 09:07:51; hka-aqm-a108;  30.79;  43.16;   449;  2099;  1143;   242;     2;     0;  -124;  -124;  -6.8; drag-outd-01; 3; 8; 125000; 1672
2023-07-16 09:08:15; hka-aqm-a108;  30.84;  43.12;   447;  2101;  1225;   253;     2;     0;  -127;  -127;  -7.8; drag-lps8-08; 4; 8; 125000; 1673
2023-07-16 09:08:52; hka-aqm-a108;  30.80;  42.83;   445;  2119;  1250;   258;     0;     0;  -129;  -129;  -8.8; drag-lps8-08; 0; 8; 125000; 1674
2023-07-16 09:09:52; hka-aqm-a108;  30.78;  42.93;   444;  2106;  1143;   238;     1;     0;  -128;  -128; -10.5; drag-lps8-08; 1; 8; 125000; 1675
2023-07-16 09:11:12; hka-aqm-a108;  30.85;  42.86;   448;  2117;   875;   183;     2;     0;  -119;  -119;  -8.2; drag-outd-01; 5; 8; 125000; 1676
2023-07-16 09:12:11; hka-aqm-a108;  30.81;  42.90;   449;  2107;   676;   137;     1;     0;  -124;  -124;  -6.0; drag-lps8-08; 7; 8; 125000; 1677
2023-07-16 09:12:31; hka-aqm-a108;  30.85;  42.70;   447;  2106;   606;   123;     1;     0;  -124;  -124; -10.8; drag-outd-01; 2; 8; 125000; 1679
2023-07-16 09:15:31; hka-aqm-a108;  30.83;  42.86;   450;  2105;   422;    88;     2;     0;  -130;  -130; -10.2; drag-lps8-08; 7; 8; 125000; 1680
2023-07-16 09:16:52; hka-aqm-a108;  30.82;  42.90;   449;  2101;   630;   133;     1;     0;  -121;  -121;  -5.8; drag-outd-01; 4; 8; 125000; 1681
2023-07-16 09:17:12; hka-aqm-a108;  30.84;  42.93;   447;  2098;   566;   117;     1;     0;  -127;  -127; -10.2; drag-lps8-08; 3; 8; 125000; 1682
2023-07-16 09:18:11; hka-aqm-a108;  30.86;  42.90;   449;  2036;   477;    98;     2;     0;  -126;  -126;  -8.5; drag-lps8-08; 6; 8; 125000; 1683
2023-07-16 09:20:12; hka-aqm-a108;  30.83;  42.70;   446;  2090;   425;    86;     2;     0;  -124;  -124;  -9.0; drag-outd-01; 0; 8; 125000; 1684
2023-07-16 09:23:52; hka-aqm-a108;  30.82;  42.60;   446;  2068;   649;   134;     2;     0;  -127;  -127;  -8.2; drag-lps8-08; 5; 8; 125000; 1685
2023-07-16 09:24:13; hka-aqm-a108;  30.84;  42.64;   445;  2076;   738;   152;     0;     0;  -127;  -127; -10.0; drag-lps8-08; 1; 8; 125000; 1686
2023-07-16 09:24:51; hka-aqm-a108;  30.75;  42.64;   448;  2081;   832;   171;     1;     0;  -126;  -126;  -8.8; drag-lps8-08; 3; 8; 125000; 1687
2023-07-16 09:25:13; hka-aqm-a108;  30.80;  42.73;   446;  2082;   958;   197;     1;     0;  -128;  -128;  -8.2; drag-lps8-08; 0; 8; 125000; 1688
2023-07-16 09:25:32; hka-aqm-a108;  30.84;  42.70;   445;  2085;  1315;   277;     2;     0;  -126;  -126;  -6.0; drag-lps8-08; 7; 8; 125000; 1689
2023-07-16 09:26:11; hka-aqm-a108;  30.79;  42.70;   448;  2085;  1383;   293;     2;     0;  -128;  -128;  -9.5; drag-lps8-08; 2; 8; 125000; 1690
2023-07-16 09:26:32; hka-aqm-a108;  30.79;  42.73;   446;  2087;  1031;   209;     1;     0;  -124;  -124;  -5.0; drag-lps8-08; 4; 8; 125000; 1691
2023-07-16 09:27:11; hka-aqm-a108;  30.77;  42.57;   449;  2087;   926;   184;     1;     0;  -126;  -126;  -6.5; drag-lps8-08; 5; 8; 125000; 1692
2023-07-16 09:28:12; hka-aqm-a108;  30.84;  42.67;   444;  2075;  1250;   253;     1;     0;  -128;  -128; -10.2; drag-lps8-02; 6; 8; 125000; 1693
2023-07-16 09:28:52; hka-aqm-a108;  30.87;  42.60;   444;  2081;  1120;   223;     0;     0;  -127;  -127;  -7.8; drag-lps8-08; 5; 8; 125000; 1694
2023-07-16 09:29:52; hka-aqm-a108;  30.82;  42.70;   444;  2084;  1193;   244;     0;     0;  -124;  -124;  -8.5; drag-lps8-08; 6; 8; 125000; 1695
2023-07-16 09:30:13; hka-aqm-a108;  30.86;  42.67;   444;  2085;  1450;   304;     0;     0;  -123;  -123;  -6.2; drag-lps8-08; 4; 8; 125000; 1696
2023-07-16 09:32:12; hka-aqm-a108;  30.85;  42.54;   443;  2109;  1268;   255;     1;     0;  -128;  -128; -11.0; drag-lps8-08; 1; 8; 125000; 1697
2023-07-16 09:32:52; hka-aqm-a108;  30.88;  42.47;   446;  2101;  1190;   235;     0;     0;  -127;  -127;  -8.8; drag-lps8-08; 2; 8; 125000; 1698
2023-07-16 09:33:13; hka-aqm-a108;  30.93;  42.51;   444;  2094;  1307;   266;     0;     0;  -128;  -128;  -9.0; drag-lps8-08; 7; 8; 125000; 1699
2023-07-16 09:34:13; hka-aqm-a108;  30.96;  42.64;   441;  2046;  1008;   202;     0;     0;  -126;  -126;  -7.8; drag-lps8-08; 0; 8; 125000; 1700
2023-07-16 09:34:33; hka-aqm-a108;  30.91;  42.57;   441;  2060;  1108;   225;     1;     0;  -121;  -121;  -4.8; drag-outd-01; 3; 8; 125000; 1701
2023-07-16 09:35:52; hka-aqm-a108;  30.93;  42.44;   443;  2076;  1280;   271;     1;     0;  -120;  -120;  -5.5; drag-outd-01; 4; 8; 125000; 1704
2023-07-16 09:37:52; hka-aqm-a108;  30.94;  42.57;   445;  2075;  1030;   207;     1;     0;  -129;  -129; -10.0; drag-lps8-08; 0; 8; 125000; 1705
2023-07-16 09:38:13; hka-aqm-a108;  30.90;  42.34;   443;  2076;  1112;   229;     0;     0;  -126;  -126;  -9.0; drag-lps8-08; 3; 8; 125000; 1706
2023-07-16 09:38:32; hka-aqm-a108;  30.92;  42.24;   442;  2077;   868;   172;     0;     0;  -122;  -122;  -9.0; drag-outd-01; 5; 8; 125000; 1707
2023-07-16 09:38:52; hka-aqm-a108;  30.93;  42.34;   441;  2077;   812;   163;     0;     0;  -126;  -126;  -8.5; drag-lps8-08; 6; 8; 125000; 1708
2023-07-16 09:39:52; hka-aqm-a108;  30.90;  42.47;   441;  2080;   772;   160;     0;     0;  -126;  -126;  -7.0; drag-lps8-08; 7; 8; 125000; 1709
2023-07-16 09:40:12; hka-aqm-a108;  30.92;  42.47;   441;  2078;   587;   121;     0;     0;  -124;  -124;  -5.5; drag-lps8-08; 5; 8; 125000; 1710
2023-07-16 09:40:33; hka-aqm-a108;  30.94;  42.44;   441;  2079;   500;   102;     1;     0;  -128;  -128;  -9.2; drag-lps8-08; 7; 8; 125000; 1711
2023-07-16 09:40:53; hka-aqm-a108;  30.94;  42.44;   441;  2088;   442;    90;     1;     0;  -127;  -127;  -9.2; drag-lps8-08; 6; 8; 125000; 1712
2023-07-16 09:42:13; hka-aqm-a108;  30.93;  42.31;   441;  2022;   482;   101;     2;     0;  -126;  -126;  -9.5; drag-lps8-08; 3; 8; 125000; 1713
2023-07-16 09:42:32; hka-aqm-a108;  30.97;  42.31;   441;  2043;   669;   144;     2;     0;  -122;  -122;  -8.5; drag-outd-01; 0; 8; 125000; 1714
2023-07-16 09:43:12; hka-aqm-a108;  30.94;  42.24;   441;  2128;   756;   163;     2;     0;  -126;  -126;  -8.5; drag-lps8-08; 1; 8; 125000; 1715
2023-07-16 09:43:32; hka-aqm-a108;  30.92;  42.28;   441;  2119;   647;   135;     0;     0;  -121;  -121;  -6.8; drag-outd-01; 4; 8; 125000; 1716
2023-07-16 09:43:52; hka-aqm-a108;  30.92;  42.34;   441;  2106;   725;   152;     0;     0;  -126;  -126; -11.5; drag-outd-01; 2; 8; 125000; 1717
2023-07-16 09:44:52; hka-aqm-a108;  30.96;  42.34;   441;  2084;  1046;   226;     0;     0;  -126;  -126;  -8.8; drag-lps8-08; 1; 8; 125000; 1718
2023-07-16 09:45:31; hka-aqm-a108;  30.91;  42.31;   445;  2079;   714;   146;     0;     0;  -127;  -127;  -8.8; drag-lps8-08; 6; 8; 125000; 1719
2023-07-16 09:46:33; hka-aqm-a108;  30.95;  42.31;   441;  2087;   855;   178;     1;     0;  -126;  -126;  -7.5; drag-lps8-08; 7; 8; 125000; 1720
2023-07-16 09:46:52; hka-aqm-a108;  30.93;  42.38;   441;  2085;   724;   146;     0;     0;  -127;  -127;  -7.8; drag-lps8-08; 4; 8; 125000; 1721
2023-07-16 09:47:32; hka-aqm-a108;  30.94;  42.44;   441;  2071;   817;   165;     1;     0;  -125;  -125;  -6.8; drag-lps8-08; 5; 8; 125000; 1722
2023-07-16 09:48:13; hka-aqm-a108;  30.99;  42.31;   445;  2071;   935;   191;     1;     0;  -126;  -126;  -9.0; drag-lps8-08; 2; 8; 125000; 1723
2023-07-16 09:48:33; hka-aqm-a108;  30.91;  42.24;   443;  2073;   804;   162;     0;     0;  -125;  -125;  -7.8; drag-lps8-08; 0; 8; 125000; 1724
2023-07-16 09:51:52; hka-aqm-a108;  30.94;  42.31;   443;  2074;   691;   139;     2;     0;  -125;  -125; -10.0; drag-lps8-08; 3; 8; 125000; 1725
2023-07-16 09:59:11; hka-aqm-a108;  30.94;  42.24;   441;  2090;   619;   128;     2;     0;  -127;  -127;  -7.0; drag-lps8-08; 0; 8; 125000; 1726
2023-07-16 09:59:33; hka-aqm-a108;  30.88;  42.21;   441;  2084;   523;   105;     2;     0;  -127;  -127;  -8.0; drag-lps8-08; 7; 8; 125000; 1727
2023-07-16 10:03:32; hka-aqm-a108;  30.92;  42.31;   451;  2067;   516;   104;     1;     0;  -126;  -126;  -8.2; drag-lps8-08; 1; 8; 125000; 1728
2023-07-16 10:18:39; hka-aqm-a108;  30.78;  42.28;   448;  2098;   349;    74;     2;     0;  -127;  -127;  -8.2; drag-lps8-08; 5; 8; 125000; 1729
2023-07-16 10:33:45; hka-aqm-a108;  30.71;  42.31;   443;  2053;   129;    29;     0;     0;  -122;  -122;  -7.5; drag-outd-01; 4; 8; 125000; 1730
2023-07-16 10:48:52; hka-aqm-a108;  30.61;  42.31;   441;  2069;   128;    28;     2;     0;  -127;  -127;  -8.8; drag-lps8-08; 2; 8; 125000; 1731
2023-07-16 10:54:31; hka-aqm-a108;  30.58;  42.34;   443;  1953;   404;    94;     2;     0;  -121;  -121; -11.8; drag-outd-01; 6; 8; 125000; 1732
2023-07-16 10:55:12; hka-aqm-a108;  30.67;  42.28;   441;  2072;   263;    58;     2;     0;  -124;  -124;  -6.0; drag-outd-01; 3; 8; 125000; 1733
2023-07-16 10:55:52; hka-aqm-a108;  30.63;  42.24;   441;  2054;   403;    91;     0;     0;  -130;  -130;  -9.8; drag-lps8-08; 0; 8; 125000; 1734
2023-07-16 10:57:11; hka-aqm-a108;  30.61;  42.28;   441;  2048;   352;    77;     1;     0;  -125;  -125;  -8.2; drag-lps8-08; 2; 8; 125000; 1735
2023-07-16 10:59:12; hka-aqm-a108;  30.63;  42.24;   441;  2036;   457;    97;     1;     0;  -126;  -126;  -8.8; drag-lps8-08; 5; 8; 125000; 1736
2023-07-16 11:02:52; hka-aqm-a108;  30.68;  42.18;   441;  2040;   442;    90;     1;     0;  -125;  -125;  -8.2; drag-lps8-08; 3; 8; 125000; 1737
2023-07-16 11:03:30; hka-aqm-a108;  30.68;  42.15;   445;  2041;   578;   125;     1;     0;  -124;  -124;  -9.2; drag-outd-01; 1; 8; 125000; 1738
2023-07-16 11:04:13; hka-aqm-a108;  30.67;  42.21;   442;  1993;   435;    86;     1;     0;  -119;  -119;  -9.8; drag-outd-01; 6; 8; 125000; 1739
2023-07-16 11:04:33; hka-aqm-a108;  30.70;  42.21;   441;  2122;   580;   123;     0;     0;  -130;  -130; -10.5; drag-lps8-02; 7; 8; 125000; 1740
2023-07-16 11:05:10; hka-aqm-a108;  30.66;  42.21;   445;  2111;   486;    97;     1;     0;  -118;  -118;  -3.0; drag-outd-01; 4; 8; 125000; 1741
2023-07-16 11:05:32; hka-aqm-a108;  30.64;  42.18;   443;  2089;   600;   126;     1;     0;  -126;  -126;  -8.5; drag-lps8-08; 6; 8; 125000; 1742
2023-07-16 11:13:11; hka-aqm-a108;  30.75;  42.05;   445;  2028;   658;   125;     0;     0;  -130;  -130;  -9.8; drag-lps8-08; 7; 8; 125000; 1744
2023-07-16 11:16:52; hka-aqm-a108;  30.80;  41.98;   442;  2041;   599;   109;     1;     0;  -117;  -117;  -3.0; drag-outd-01; 4; 8; 125000; 1745
2023-07-16 11:17:11; hka-aqm-a108;  30.81;  42.08;   440;  2041;   666;   126;     0;     0;  -126;  -126;  -8.0; drag-lps8-08; 1; 8; 125000; 1746
2023-07-16 11:26:10; hka-aqm-a108;  30.87;  41.98;   442;  2043;   612;   116;     2;     0;  -127;  -127;  -9.8; drag-lps8-08; 3; 8; 125000; 1747
2023-07-16 11:26:31; hka-aqm-a108;  30.93;  41.85;   440;  2044;   679;   135;     1;     0;  -129;  -129;  -9.0; drag-lps8-08; 5; 8; 125000; 1748
2023-07-16 11:27:12; hka-aqm-a108;  30.92;  41.92;   438;  2008;   595;   113;     1;     0;  -123;  -123; -10.2; drag-outd-01; 0; 8; 125000; 1749
2023-07-16 11:27:53; hka-aqm-a108;  30.96;  41.92;   438;  2057;   683;   134;     1;     0;  -125;  -125;  -5.8; drag-outd-01; 3; 8; 125000; 1750
2023-07-16 11:28:11; hka-aqm-a108;  30.93;  41.98;   438;  2054;   584;   109;     0;     0;  -121;  -121;  -6.8; drag-outd-01; 4; 8; 125000; 1751
2023-07-16 11:30:30; hka-aqm-a108;  30.94;  41.92;   442;  1978;   596;   114;     0;     0;  -126;  -126;  -9.0; drag-lps8-08; 6; 8; 125000; 1753
2023-07-16 11:32:52; hka-aqm-a108;  31.01;  41.92;   438;  2041;   611;   122;     1;     0;  -127;  -127;  -9.8; drag-lps8-08; 1; 8; 125000; 1754
2023-07-16 11:35:51; hka-aqm-a108;  31.02;  41.89;   438;  2128;   537;   107;     0;     0;  -122;  -122;  -8.8; drag-outd-01; 2; 8; 125000; 1755
2023-07-16 11:36:12; hka-aqm-a108;  31.04;  41.85;   438;  2100;   486;    94;     0;     0;  -128;  -128;  -8.0; drag-lps8-08; 0; 8; 125000; 1756
2023-07-16 11:36:31; hka-aqm-a108;  31.05;  41.85;   438;  2081;   571;   118;     0;     0;  -128;  -128;  -9.0; drag-lps8-08; 7; 8; 125000; 1757
2023-07-16 11:39:50; hka-aqm-a108;  31.00;  41.79;   440;  2040;   575;   114;     1;     0;  -120;  -120; -11.0; drag-outd-01; 6; 8; 125000; 1759
2023-07-16 11:40:12; hka-aqm-a108;  31.03;  41.79;   439;  2043;   668;   138;     1;     0;  -121;  -121;  -7.0; drag-outd-01; 4; 8; 125000; 1761
2023-07-16 11:42:31; hka-aqm-a108;  31.01;  41.76;   442;  2056;   569;   116;     1;     0;  -122;  -122;  -8.5; drag-outd-01; 5; 8; 125000; 1762
2023-07-16 11:53:11; hka-aqm-a108;  31.16;  41.43;   436;  2041;   547;   113;     2;     0;  -128;  -128;  -7.5; drag-lps8-08; 7; 8; 125000; 1763
2023-07-16 11:55:51; hka-aqm-a108;  31.19;  41.53;   438;  2065;   595;   121;     1;     0;  -128;  -128; -10.5; drag-lps8-08; 1; 8; 125000; 1764
2023-07-16 11:57:50; hka-aqm-a108;  31.19;  41.53;   441;  2045;   516;    99;     1;     0;  -127;  -127;  -8.0; drag-lps8-08; 4; 8; 125000; 1765
2023-07-16 11:58:52; hka-aqm-a108;  31.14;  41.46;   441;  2038;   607;   122;     1;     0;  -124;  -124;  -4.5; drag-outd-01; 6; 8; 125000; 1767
2023-07-16 11:59:33; hka-aqm-a108;  31.20;  41.46;   437;  2037;   564;   111;     1;     0;  -129;  -129;  -9.0; drag-lps8-08; 0; 8; 125000; 1768
2023-07-16 11:59:51; hka-aqm-a108;  31.24;  41.26;   436;  2037;   615;   127;     1;     0;  -126;  -126;  -8.2; drag-lps8-08; 4; 8; 125000; 1769
2023-07-16 12:15:18; hka-aqm-a108;  31.29;  40.71;   437;  2026;   559;   116;     2;     0;  -122;  -122;  -3.5; drag-outd-01; 2; 8; 125000; 1771
2023-07-16 12:30:24; hka-aqm-a108;  31.33;  40.81;   432;  2026;   369;    68;     2;     1;  -128;  -128;  -9.2; drag-lps8-08; 7; 8; 125000; 1772
2023-07-16 12:45:33; hka-aqm-a108;  31.33;  40.54;   436;  2025;   327;    58;     1;     0;  -129;  -129;  -9.8; drag-lps8-08; 5; 8; 125000; 1773
2023-07-16 13:00:39; hka-aqm-a108;  31.36;  40.54;   432;  2010;   306;    57;     2;     1;  -127;  -127;  -8.2; drag-lps8-08; 1; 8; 125000; 1774
2023-07-16 13:15:46; hka-aqm-a108;  31.39;  40.05;   429;  1989;   292;    54;     2;     1;  -124;  -124;  -5.0; drag-outd-01; 6; 8; 125000; 1775
2023-07-16 13:30:53; hka-aqm-a108;  31.38;  39.82;   429;  2007;   245;    43;     2;     1;  -129;  -129;  -8.8; drag-lps8-08; 0; 8; 125000; 1776
2023-07-16 13:45:59; hka-aqm-a108;  31.32;  39.49;   437;  1971;   236;    43;     2;     1;  -125;  -125; -11.2; drag-lps8-02; 6; 8; 125000; 1777
2023-07-16 14:01:06; hka-aqm-a108;  31.40;  39.39;   429;  1968;   246;    46;     2;     1;  -130;  -130;  -9.5; drag-outd-01; 1; 8; 125000; 1778
2023-07-16 14:16:12; hka-aqm-a108;  31.39;  39.16;   426;  1948;   227;    43;     2;     1;  -124;  -124;  -5.5; drag-outd-01; 3; 8; 125000; 1779
2023-07-16 14:31:18; hka-aqm-a108;  31.41;  39.03;   426;  1946;   223;    43;     3;     1;  -122;  -122; -11.5; drag-outd-01; 7; 8; 125000; 1780
2023-07-16 14:46:24; hka-aqm-a108;  31.34;  39.03;   430;  1951;   206;    39;     0;     0;  -131;  -131; -10.8; drag-lps8-08; 0; 8; 125000; 1781
2023-07-16 15:01:32; hka-aqm-a108;  31.32;  38.97;   427;  1945;   225;    45;     3;     1;  -128;  -128; -10.8; drag-lps8-02; 4; 8; 125000; 1782
2023-07-16 15:16:38; hka-aqm-a108;  31.28;  38.77;   427;  1931;   237;    47;     1;     0;  -120;  -120;  -2.2; drag-outd-01; 5; 8; 125000; 1783
2023-07-16 15:31:45; hka-aqm-a108;  31.29;  38.74;   429;  1923;   219;    43;     3;     1;  -126;  -126;  -9.5; drag-lps8-08; 2; 8; 125000; 1784
2023-07-16 15:46:53; hka-aqm-a108;  31.34;  38.44;   428;  1881;   221;    43;     3;     1;  -124;  -124;  -4.5; drag-outd-01; 0; 8; 125000; 1785
2023-07-16 16:01:59; hka-aqm-a108;  31.34;  38.31;   420;  1854;   263;    57;     3;     1;  -130;  -130; -10.5; drag-lps8-08; 5; 8; 125000; 1786
2023-07-16 16:17:05; hka-aqm-a108;  31.32;  38.27;   425;  1880;   227;    44;     0;     0;  -127;  -127; -10.2; drag-lps8-08; 1; 8; 125000; 1787
2023-07-16 16:32:13; hka-aqm-a108;  31.27;  38.31;   422;  1890;   280;    59;     3;     1;  -130;  -130; -11.8; drag-lps8-08; 7; 8; 125000; 1788
2023-07-16 16:47:19; hka-aqm-a108;  31.24;  38.11;   425;  1867;   266;    57;     3;     1;  -124;  -124; -10.0; drag-lps8-02; 6; 8; 125000; 1789
2023-07-16 17:02:25; hka-aqm-a108;  31.29;  38.14;   421;  1865;   197;    33;     3;     1;  -128;  -128;  -9.5; drag-lps8-08; 2; 8; 125000; 1790
2023-07-16 17:17:33; hka-aqm-a108;  31.24;  37.84;   420;  1888;   191;    32;     3;     1;  -127;  -127; -10.0; drag-lps8-08; 4; 8; 125000; 1791
2023-07-16 17:32:39; hka-aqm-a108;  31.22;  37.98;   415;  1865;   199;    36;     3;     1;  -125;  -125;  -5.2; drag-outd-01; 3; 8; 125000; 1792
2023-07-16 17:47:45; hka-aqm-a108;  31.22;  38.04;   420;  1857;   239;    50;     3;     1;  -124;  -124;  -5.5; drag-outd-01; 0; 8; 125000; 1793
2023-07-16 18:02:52; hka-aqm-a108;  31.11;  38.18;   413;  1799;   194;    32;     3;     1;  -124;  -124;  -4.8; drag-outd-01; 2; 8; 125000; 1794
2023-07-16 18:17:58; hka-aqm-a108;  31.12;  38.31;   416;  1851;   191;    33;     3;     1;  -125;  -125;  -7.0; drag-outd-01; 7; 8; 125000; 1795
2023-07-16 18:33:05; hka-aqm-a108;  31.07;  38.37;   413;  1839;   191;    34;     3;     2;  -126;  -126;  -7.2; drag-outd-01; 6; 8; 125000; 1796
2023-07-16 18:48:13; hka-aqm-a108;  31.01;  38.80;   422;  1887;   171;    28;     3;     2;  -128;  -128;  -9.0; drag-outd-01; 5; 8; 125000; 1797
2023-07-16 19:03:19; hka-aqm-a108;  30.94;  38.83;   419;  1924;   147;    31;     3;     2;  -122;  -122;  -5.0; drag-outd-01; 3; 8; 125000; 1798
2023-07-16 19:18:25; hka-aqm-a108;  30.90;  38.64;   418;  1917;   149;    34;     3;     2;  -129;  -129; -10.2; drag-outd-01; 1; 8; 125000; 1799
2023-07-16 19:33:33; hka-aqm-a108;  30.83;  38.57;   417;  1882;   147;    30;     3;     2;  -126;  -126;  -8.8; drag-lps8-02; 4; 8; 125000; 1800
2023-07-16 19:48:39; hka-aqm-a108;  30.76;  38.57;   417;  1941;   124;    21;     3;     2;  -120;  -120;  -2.0; drag-outd-01; 6; 8; 125000; 1801
2023-07-16 20:18:51; hka-aqm-a108;  30.62;  38.47;   421;  1890;    76;    10;     3;     2;  -127;  -127;  -6.2; drag-outd-01; 0; 8; 125000; 1803
2023-07-16 20:33:58; hka-aqm-a108;  30.52;  38.51;   426;  1899;    56;     8;     3;     2;  -129;  -129; -10.2; drag-lps8-02; 7; 8; 125000; 1804
2023-07-16 20:49:04; hka-aqm-a108;  30.45;  38.51;   420;  1915;    38;     6;     3;     2;  -124;  -124;  -5.5; drag-outd-01; 3; 8; 125000; 1805
2023-07-16 21:19:18; hka-aqm-a108;  30.31;  38.60;   424;  1895;    13;     3;     3;     2;  -121;  -121;  -7.2; drag-outd-01; 2; 8; 125000; 1807
2023-07-16 22:34:51; hka-aqm-a108;  29.95;  38.90;   434;  1817;     6;     1;     3;     2;  -128;  -128; -10.5; drag-outd-01; 4; 8; 125000; 1812
2023-07-16 22:50:11; hka-aqm-a108;  29.92;  38.93;   433;  1820;     6;     0;     3;     2;  -127;  -127;  -9.0; drag-outd-01; 3; 8; 125000; 1814
2023-07-16 23:05:31; hka-aqm-a108;  29.87;  38.97;   436;  1809;     9;     3;     3;     2;  -121;  -121;  -7.0; drag-outd-01; 2; 8; 125000; 1816
2023-07-16 23:21:05; hka-aqm-a108;  29.81;  39.03;   439;  1819;     6;     0;     3;     2;  -125;  -125; -10.0; drag-outd-01; 0; 8; 125000; 1818
2023-07-16 23:36:12; hka-aqm-a108;  29.80;  39.03;   444;  1861;     6;     0;     3;     2;  -127;  -127;  -8.2; drag-outd-01; 3; 8; 125000; 1819
2023-07-16 23:51:31; hka-aqm-a108;  29.75;  39.13;   440;  1801;     6;     0;     3;     2;  -120;  -120;  -6.5; drag-outd-01; 2; 8; 125000; 1820
