# Logfile LoRaWAN TTN/TTS V3 logger version hka-log V 1.1
date_time;device_id;tmp;hum;CO2;VOC;vis;IR;WIFI;BLE;rssi;channel_rssi;snr;gateway;channel_index;spreading_factor;bandwidth;f_cnt
2023-02-28 00:00:01; hka-aqm-a112;  21.36;  17.72;   427;   771;     7;     1;     1;     0;  -108;  -108;   4.5; drag-lps8-08; 6; 7; 125000; 5759
2023-02-28 00:15:10; hka-aqm-a112;  21.40;  17.72;   416;   737;    10;     3;     4;    20;  -101;  -101;   9.5; drag-outd-01; 4; 7; 125000; 5760
2023-02-28 00:30:16; hka-aqm-a112;  21.36;  17.79;   424;   699;     7;     0;     1;     0;  -100;  -100;   7.0; drag-outd-01; 2; 7; 125000; 5761
2023-02-28 00:45:22; hka-aqm-a112;  21.34;  17.83;   421;   763;     7;     1;     2;     0;  -103;  -103;   8.8; drag-outd-01; 0; 7; 125000; 5762
2023-02-28 01:00:29; hka-aqm-a112;  21.30;  17.79;   412;   752;     8;     2;     4;    20;  -113;  -113;   3.8; drag-lps8-08; 4; 7; 125000; 5763
2023-02-28 01:15:35; hka-aqm-a112;  21.21;  17.86;   411;   773;     9;     3;     1;     0;   -99;   -99;   5.5; drag-outd-01; 5; 7; 125000; 5764
2023-02-28 01:30:42; hka-aqm-a112;  21.22;  17.83;   412;   802;     7;     1;     2;     0;  -101;  -101;   7.8; drag-outd-01; 2; 7; 125000; 5765
2023-02-28 01:45:50; hka-aqm-a112;  21.19;  17.86;   411;   748;     7;     1;     4;    20;  -101;  -101;   9.2; drag-outd-01; 3; 7; 125000; 5766
2023-02-28 02:00:56; hka-aqm-a112;  21.16;  17.93;   410;   774;    10;     3;     1;     0;  -112;  -112;  -0.5; drag-lps8-02; 1; 7; 125000; 5767
2023-02-28 02:16:02; hka-aqm-a112;  21.15;  17.93;   409;   732;     7;     2;     1;     0;  -121;  -121;  -3.8; drag-lps8-02; 7; 7; 125000; 5768
2023-02-28 02:31:10; hka-aqm-a112;  21.10;  18.00;   414;   739;     8;     2;     4;    20;  -108;  -108;   5.5; drag-lps8-08; 6; 7; 125000; 5769
2023-02-28 02:46:16; hka-aqm-a112;  21.12;  18.00;   407;   746;     7;     0;     0;     0;  -113;  -113;   2.2; drag-lps8-02; 4; 7; 125000; 5770
2023-02-28 03:01:22; hka-aqm-a112;  21.13;  18.00;   410;   755;     7;     0;     2;     0;   -99;   -99;   4.0; drag-outd-01; 5; 7; 125000; 5771
2023-02-28 03:16:29; hka-aqm-a112;  21.09;  18.00;   415;   730;    10;     3;     4;    20;  -113;  -113;  -0.2; drag-lps8-02; 1; 7; 125000; 5772
2023-02-28 03:31:35; hka-aqm-a112;  21.09;  18.07;   412;   739;    10;     3;     2;     0;  -106;  -106;   7.0; drag-lps8-08; 0; 7; 125000; 5773
2023-02-28 03:46:42; hka-aqm-a112;  21.08;  18.07;   408;   744;     7;     0;     1;     0;  -106;  -106;   5.5; drag-lps8-08; 6; 7; 125000; 5774
2023-02-28 04:01:48; hka-aqm-a112;  21.06;  18.07;   405;   765;     7;     1;     4;    20;  -114;  -114;   1.0; drag-lps8-08; 3; 7; 125000; 5775
2023-02-28 04:16:55; hka-aqm-a112;  21.06;  18.14;   411;   736;     7;     1;     2;     0;  -115;  -115;  -0.8; drag-lps8-02; 7; 7; 125000; 5776
2023-02-28 04:32:01; hka-aqm-a112;  21.08;  18.14;   406;   773;     7;     0;     1;     0;  -103;  -103;   6.2; drag-lps8-08; 2; 7; 125000; 5777
2023-02-28 04:47:09; hka-aqm-a112;  21.09;  18.14;   411;   803;    10;     3;     4;    20;  -100;  -100;   7.8; drag-outd-01; 3; 7; 125000; 5778
2023-02-28 05:02:15; hka-aqm-a112;  21.10;  18.17;   407;   704;    10;     3;     1;     0;   -99;   -99;   7.8; drag-outd-01; 2; 7; 125000; 5779
2023-02-28 05:17:21; hka-aqm-a112;  21.11;  18.14;   412;   748;     7;     1;     1;     0;  -101;  -101;   8.8; drag-outd-01; 1; 7; 125000; 5780
2023-02-28 05:32:28; hka-aqm-a112;  21.11;  18.17;   407;   715;     7;     1;     4;    20;  -109;  -109;   3.8; drag-lps8-08; 5; 7; 125000; 5781
2023-02-28 05:47:34; hka-aqm-a112;  21.14;  18.14;   406;   751;     7;     1;     1;     0;  -121;  -121;  -3.2; drag-lps8-02; 0; 7; 125000; 5782
2023-02-28 06:02:40; hka-aqm-a112;  21.22;  18.14;   413;   762;     7;     0;     2;     0;  -108;  -108;   7.0; drag-lps8-08; 6; 7; 125000; 5783
2023-02-28 06:17:49; hka-aqm-a112;  21.25;  18.14;   412;   757;     7;     1;     4;    20;  -116;  -116;  -0.5; drag-lps8-02; 7; 7; 125000; 5784
2023-02-28 06:32:56; hka-aqm-a112;  21.25;  18.31;   410;   780;    10;     3;     2;     0;   -99;   -99;   7.8; drag-outd-01; 4; 7; 125000; 5785
2023-02-28 06:48:02; hka-aqm-a112;  21.26;  18.56;   418;   790;     8;     1;     0;     0;  -108;  -108;   5.5; drag-lps8-08; 5; 7; 125000; 5786
2023-02-28 07:03:09; hka-aqm-a112;  21.29;  19.60;   425;   804;    58;     6;     4;    20;  -102;  -102;   7.8; drag-outd-01; 4; 7; 125000; 5787
2023-02-28 07:18:15; hka-aqm-a112;  20.87;  20.23;   426;   777;    17;     4;     0;     0;  -105;  -105;   7.8; drag-outd-01; 6; 7; 125000; 5788
2023-02-28 07:33:22; hka-aqm-a112;  19.71;  20.71;   422;   721;    29;    10;     1;     0;  -101;  -101;   6.5; drag-lps8-08; 2; 7; 125000; 5789
2023-02-28 07:48:28; hka-aqm-a112;  19.78;  20.75;   420;   727;    51;    17;     4;    20;  -103;  -103;   7.2; drag-lps8-08; 7; 7; 125000; 5790
2023-02-28 08:03:34; hka-aqm-a112;  19.12;  21.06;   415;   677;   108;    27;     1;     1;  -102;  -102;   7.5; drag-outd-01; 0; 7; 125000; 5791
2023-02-28 08:18:41; hka-aqm-a112;  18.35;  21.41;   416;   611;    67;    21;     2;     1;  -113;  -113;   0.5; drag-lps8-02; 1; 7; 125000; 5792
2023-02-28 08:33:49; hka-aqm-a112;  18.01;  21.54;   412;   603;    88;    29;     4;    20;  -113;  -113;   2.0; drag-lps8-08; 3; 7; 125000; 5793
2023-02-28 08:48:55; hka-aqm-a112;  19.18;  20.57;   416;   754;   162;    45;     2;     2;  -105;  -105;   8.5; drag-outd-01; 0; 7; 125000; 5794
2023-02-28 09:04:02; hka-aqm-a112;  20.03;  20.02;   443;   799;   201;    55;     1;     2;  -102;  -102;   7.5; drag-outd-01; 1; 7; 125000; 5795
2023-02-28 09:19:09; hka-aqm-a112;  20.52;  19.74;   451;   861;   243;    69;     4;    20;  -113;  -113;   1.8; drag-lps8-02; 3; 7; 125000; 5796
2023-02-28 09:34:15; hka-aqm-a112;  20.82;  19.57;   454;   782;   267;    78;     1;     1;  -108;  -108;   5.5; drag-lps8-08; 7; 7; 125000; 5797
2023-02-28 09:49:21; hka-aqm-a112;  21.06;  19.53;   466;   873;   325;    98;     2;     2;  -112;  -112;   4.8; drag-lps8-08; 4; 7; 125000; 5798
2023-02-28 09:55:07; hka-aqm-a112;  21.05;  19.50;   465;   870;   424;   136;     4;    20;  -116;  -116;  -2.5; drag-lps8-02; 5; 7; 125000; 5799
2023-02-28 09:56:48; hka-aqm-a112;  21.15;  19.46;   465;   847;   441;   142;     3;     3;  -103;  -103;   9.5; drag-outd-01; 6; 7; 125000; 5800
2023-02-28 09:58:09; hka-aqm-a112;  21.16;  19.53;   466;   881;   535;   185;     2;     2;  -102;  -102;   6.5; drag-outd-01; 2; 7; 125000; 5801
2023-02-28 09:58:27; hka-aqm-a112;  21.19;  19.46;   467;   869;   472;   156;     2;     1;  -103;  -103;   7.2; drag-outd-01; 6; 7; 125000; 5802
2023-02-28 09:59:27; hka-aqm-a112;  21.15;  19.46;   473;   954;   436;   140;     2;     2;  -104;  -104;   8.0; drag-outd-01; 7; 7; 125000; 5803
2023-02-28 10:01:28; hka-aqm-a112;  21.22;  19.39;   470;   915;   529;   181;     1;     2;  -113;  -113;   1.0; drag-lps8-02; 3; 7; 125000; 5804
2023-02-28 10:01:47; hka-aqm-a112;  21.24;  19.43;   468;   785;   472;   155;     1;     1;  -106;  -106;   7.0; drag-lps8-08; 0; 7; 125000; 5805
2023-02-28 10:05:29; hka-aqm-a112;  21.22;  19.39;   462;   888;   475;   153;     3;     4;  -103;  -103;   7.2; drag-outd-01; 1; 7; 125000; 5806
2023-02-28 10:05:47; hka-aqm-a112;  21.22;  19.39;   462;   889;   423;   133;     2;     4;  -102;  -102;   6.2; drag-outd-01; 5; 7; 125000; 5807
2023-02-28 10:10:28; hka-aqm-a112;  21.33;  19.32;   463;   873;   532;   176;     3;     5;  -103;  -103;   7.5; drag-outd-01; 2; 7; 125000; 5808
2023-02-28 10:10:47; hka-aqm-a112;  21.31;  19.32;   462;   868;   445;   141;     1;     2;  -109;  -109;   5.5; drag-lps8-08; 4; 7; 125000; 5809
2023-02-28 10:11:49; hka-aqm-a112;  21.29;  19.36;   466;   868;   543;   181;     1;     4;  -112;  -112;   0.5; drag-lps8-02; 3; 7; 125000; 5810
2023-02-28 10:12:46; hka-aqm-a112;  21.34;  19.32;   470;   942;   726;   263;     2;     4;  -105;  -105;   8.2; drag-outd-01; 1; 7; 125000; 5811
2023-02-28 10:13:08; hka-aqm-a112;  21.33;  19.36;   468;   934;   524;   174;     2;     2;  -108;  -108;   5.5; drag-lps8-08; 0; 7; 125000; 5812
2023-02-28 10:14:46; hka-aqm-a112;  21.36;  19.32;   473;   881;   611;   212;     2;     3;  -102;  -102;   4.8; drag-outd-01; 5; 7; 125000; 5813
2023-02-28 10:15:08; hka-aqm-a112;  21.32;  19.39;   472;   890;   481;   156;     2;     2;  -105;  -105;   6.8; drag-outd-01; 2; 7; 125000; 5814
2023-02-28 10:17:29; hka-aqm-a112;  21.43;  19.32;   473;   911;   435;   137;     2;     3;  -105;  -105;   7.5; drag-outd-01; 7; 7; 125000; 5815
2023-02-28 10:23:08; hka-aqm-a112;  21.46;  19.32;   478;   933;   447;   142;     3;     2;  -113;  -113; nan; drag-lps8-02; 6; 7; 125000; 5816
2023-02-28 10:38:15; hka-aqm-a112;  21.67;  19.36;   493;   985;   436;   137;     1;     1;  -109;  -109;   5.2; drag-lps8-08; 4; 7; 125000; 5817
2023-02-28 10:50:07; hka-aqm-a112;  21.80;  19.25;   488;   974;   734;   259;     3;     3;  -114;  -114;  -0.8; drag-lps8-02; 7; 7; 125000; 5818
2023-02-28 10:50:27; hka-aqm-a112;  21.82;  19.25;   487;   952;   864;   317;     1;     1;  -105;  -105;   8.8; drag-lps8-08; 0; 7; 125000; 5819
2023-02-28 10:50:48; hka-aqm-a112;  21.82;  19.25;   485;   932;   537;   170;     2;     1;  -118;  -118;  -3.2; drag-lps8-08; 6; 7; 125000; 5820
2023-02-28 10:51:07; hka-aqm-a112;  21.79;  19.29;   483;   920;   881;   322;     2;     1;  -106;  -106;   8.2; drag-outd-01; 1; 7; 125000; 5821
2023-02-28 10:51:28; hka-aqm-a112;  21.79;  19.25;   483;   922;   551;   171;     2;     1;  -105;  -105;   8.2; drag-outd-01; 3; 7; 125000; 5822
2023-02-28 10:51:47; hka-aqm-a112;  21.81;  19.25;   483;   917;   731;   252;     2;     1;  -101;  -101;   6.5; drag-outd-01; 2; 7; 125000; 5823
2023-02-28 10:52:28; hka-aqm-a112;  21.82;  19.25;   485;   927;   491;   151;     2;     1;  -102;  -102;   0.8; drag-outd-01; 5; 7; 125000; 5824
2023-02-28 10:55:08; hka-aqm-a112;  21.78;  19.25;   487;   899;   448;   137;     3;     2;  -111;  -111;   2.0; drag-lps8-02; 4; 7; 125000; 5825
2023-02-28 10:55:47; hka-aqm-a112;  21.81;  19.25;   488;   917;   523;   168;     2;     0;  -111;  -111;   6.0; drag-lps8-08; 7; 7; 125000; 5826
2023-02-28 10:56:07; hka-aqm-a112;  21.81;  19.25;   488;   894;   700;   244;     3;     0;  -110;  -110;   2.2; drag-lps8-02; 2; 7; 125000; 5827
2023-02-28 10:56:48; hka-aqm-a112;  21.82;  19.25;   492;   902;   617;   207;     3;     1;  -102;  -102;   7.5; drag-outd-01; 1; 7; 125000; 5828
2023-02-28 10:57:08; hka-aqm-a112;  21.91;  19.25;   490;   910;   467;   144;     4;     1;  -114;  -114;   0.5; drag-lps8-02; 4; 7; 125000; 5829
2023-02-28 10:57:47; hka-aqm-a112;  21.85;  19.25;   486;   916;   584;   195;     4;     1;  -106;  -106;   6.5; drag-lps8-08; 6; 7; 125000; 5830
2023-02-28 10:58:26; hka-aqm-a112;  21.86;  19.25;   490;   921;   454;   140;     2;     1;  -114;  -114;  -0.2; drag-lps8-02; 0; 7; 125000; 5831
2023-02-28 10:58:47; hka-aqm-a112;  21.86;  19.22;   489;   919;   580;   196;     2;     2;  -113;  -113;   3.0; drag-lps8-08; 5; 7; 125000; 5832
2023-02-28 10:59:07; hka-aqm-a112;  21.90;  19.19;   489;   884;   654;   226;     2;     2;  -112;  -112;   1.8; drag-lps8-02; 3; 7; 125000; 5833
2023-02-28 10:59:28; hka-aqm-a112;  21.87;  19.19;   489;   894;   552;   186;     1;     3;  -100;  -100;   8.8; drag-outd-01; 4; 7; 125000; 5834
2023-02-28 11:00:28; hka-aqm-a112;  21.85;  19.25;   489;   924;   621;   209;     4;     3;  -103;  -103;   8.5; drag-outd-01; 1; 7; 125000; 5835
2023-02-28 11:00:47; hka-aqm-a112;  21.86;  19.22;   489;   932;   466;   147;     4;     6;  -113;  -113;   3.5; drag-lps8-08; 3; 7; 125000; 5836
2023-02-28 11:01:28; hka-aqm-a112;  21.89;  19.25;   489;   912;   542;   179;     4;     6;  -105;  -105;   8.5; drag-outd-01; 0; 7; 125000; 5837
2023-02-28 11:01:47; hka-aqm-a112;  21.85;  19.25;   489;   916;   487;   155;     4;     6;   -99;   -99;   5.8; drag-outd-01; 5; 7; 125000; 5838
2023-02-28 11:04:46; hka-aqm-a112;  21.97;  19.32;   499;   952;   422;   130;     4;     6;  -106;  -106;   6.0; drag-lps8-08; 2; 7; 125000; 5839
2023-02-28 11:19:53; hka-aqm-a112;  22.00;  19.32;   508;   964;   309;    88;     3;     2;  -102;  -102;   8.0; drag-outd-01; 6; 7; 125000; 5840
2023-02-28 11:25:48; hka-aqm-a112;  21.96;  19.32;   512;   916;   734;   265;     4;     6;  -112;  -112;   5.5; drag-lps8-08; 7; 7; 125000; 5841
2023-02-28 11:26:26; hka-aqm-a112;  21.97;  19.32;   515;   943;   450;   140;     2;     4;  -103;  -103;   7.5; drag-lps8-08; 0; 7; 125000; 5842
2023-02-28 11:27:08; hka-aqm-a112;  22.02;  19.36;   510;   883;   700;   253;     2;     3;  -109;  -109;   6.5; drag-outd-01; 1; 7; 125000; 5843
2023-02-28 11:27:46; hka-aqm-a112;  21.98;  19.36;   513;   910;   893;   332;     2;     3;  -112;  -112;   0.5; drag-lps8-08; 3; 7; 125000; 5844
2023-02-28 11:29:06; hka-aqm-a112;  22.02;  19.32;   515;   972;   800;   294;     2;     4;  -115;  -115;  -0.2; drag-lps8-02; 4; 7; 125000; 5845
2023-02-28 11:29:28; hka-aqm-a112;  22.00;  19.36;   514;   968;   519;   168;     2;     4;  -113;  -113; nan; drag-lps8-02; 2; 7; 125000; 5846
2023-02-28 11:29:47; hka-aqm-a112;  22.03;  19.36;   514;  1007;   442;   138;     1;     4;  -107;  -107;   5.0; drag-lps8-08; 5; 7; 125000; 5847
2023-02-28 11:34:08; hka-aqm-a112;  22.04;  19.32;   523;   982;   590;   202;     3;     6;  -115;  -115;   0.8; drag-lps8-02; 7; 7; 125000; 5848
2023-02-28 11:34:27; hka-aqm-a112;  22.05;  19.32;   520;   980;   455;   144;     2;     6;  -108;  -108;   7.5; drag-outd-01; 6; 7; 125000; 5849
2023-02-28 11:35:47; hka-aqm-a112;  22.06;  19.32;   519;   992;   487;   155;     3;     5;  -113;  -113;  -0.2; drag-lps8-02; 5; 7; 125000; 5850
2023-02-28 11:37:08; hka-aqm-a112;  22.06;  19.32;   525;   992;   491;   158;     3;     4;  -112;  -112;   3.2; drag-lps8-08; 3; 7; 125000; 5851
2023-02-28 11:50:27; hka-aqm-a112;  22.07;  19.39;   528;  1015;   385;   114;     3;     4;  -114;  -114;   1.0; drag-lps8-02; 0; 7; 125000; 5852
2023-02-28 12:05:33; hka-aqm-a112;  22.17;  19.39;   544;   928;   312;    89;     1;     4;  -107;  -107;   6.8; drag-outd-01; 7; 7; 125000; 5853
2023-02-28 12:16:48; hka-aqm-a112;  22.12;  19.39;   553;   993;   468;   149;     3;     5;  -104;  -104;   6.2; drag-outd-01; 2; 7; 125000; 5854
2023-02-28 12:17:08; hka-aqm-a112;  22.12;  19.46;   551;  1010;   576;   196;     1;     4;  -111;  -111;   3.8; drag-lps8-08; 6; 7; 125000; 5855
2023-02-28 12:17:28; hka-aqm-a112;  22.14;  19.43;   551;  1007;   695;   241;     0;     4;  -108;  -108;   6.0; drag-lps8-08; 1; 7; 125000; 5856
2023-02-28 12:17:48; hka-aqm-a112;  22.17;  19.39;   551;  1017;   571;   187;     2;     3;  -116;  -116;  -1.5; drag-lps8-02; 4; 7; 125000; 5857
2023-02-28 12:18:27; hka-aqm-a112;  22.15;  19.39;   551;  1057;   699;   241;     2;     3;  -103;  -103;   7.0; drag-outd-01; 3; 7; 125000; 5858
2023-02-28 12:19:28; hka-aqm-a112;  22.20;  19.39;   551;  1036;   567;   187;     2;     3;  -107;  -107;   7.0; drag-lps8-08; 7; 7; 125000; 5859
2023-02-28 12:19:48; hka-aqm-a112;  22.18;  19.39;   551;  1041;   490;   156;     1;     3;  -114;  -114;  -3.8; drag-lps8-02; 5; 7; 125000; 5860
2023-02-28 12:34:54; hka-aqm-a112;  22.22;  19.46;   556;  1023;   402;   125;     0;     3;  -113;  -113;   2.0; drag-lps8-02; 2; 7; 125000; 5861
2023-02-28 12:39:27; hka-aqm-a112;  22.22;  19.60;   579;  1041;   466;   150;     3;     7;  -114;  -114;  -1.5; drag-lps8-02; 6; 7; 125000; 5862
2023-02-28 12:39:48; hka-aqm-a112;  22.23;  19.60;   579;   985;   560;   180;     1;     2;  -107;  -107;   8.2; drag-outd-01; 0; 7; 125000; 5863
2023-02-28 12:41:08; hka-aqm-a112;  22.25;  19.60;   579;  1059;   661;   231;     1;     2;  -109;  -109;   6.0; drag-lps8-08; 4; 7; 125000; 5864
2023-02-28 12:41:28; hka-aqm-a112;  22.24;  19.60;   579;  1063;   590;   201;     1;     1;  -103;  -103;   6.8; drag-lps8-08; 1; 7; 125000; 5865
2023-02-28 12:41:49; hka-aqm-a112;  22.26;  19.60;   579;  1068;   495;   159;     1;     1;  -117;  -117;  -2.0; drag-lps8-02; 7; 7; 125000; 5866
2023-02-28 12:42:29; hka-aqm-a112;  22.27;  19.57;   577;  1073;   750;   255;     1;     1;  -107;  -107;   6.8; drag-outd-01; 0; 7; 125000; 5867
2023-02-28 12:42:47; hka-aqm-a112;  22.25;  19.60;   577;  1075;   647;   214;     1;     2;  -107;  -107;   5.5; drag-lps8-08; 5; 7; 125000; 5868
2023-02-28 12:43:08; hka-aqm-a112;  22.29;  19.53;   576;  1062;   837;   300;     1;     3;  -114;  -114; nan; drag-lps8-02; 2; 7; 125000; 5869
2023-02-28 12:43:27; hka-aqm-a112;  22.20;  19.53;   577;  1068;   411;   126;     2;     3;  -103;  -103;   9.2; drag-outd-01; 4; 7; 125000; 5870
2023-02-28 12:47:07; hka-aqm-a112;  22.25;  19.60;   580;  1073;   415;   126;     2;     2;  -113;  -113;   0.8; drag-lps8-02; 3; 7; 125000; 5871
2023-02-28 12:50:27; hka-aqm-a112;  22.30;  19.60;   589;  1074;   490;   153;     4;     1;  -103;  -103;   6.5; drag-lps8-08; 6; 7; 125000; 5872
2023-02-28 12:51:26; hka-aqm-a112;  22.25;  19.53;   588;  1076;   597;   195;     2;     1;  -119;  -119;  -5.0; drag-lps8-02; 1; 7; 125000; 5873
2023-02-28 12:52:07; hka-aqm-a112;  22.36;  19.60;   583;  1083;   435;   133;     2;     0;  -101;  -101;   5.5; drag-outd-01; 5; 7; 125000; 5874
2023-02-28 12:57:47; hka-aqm-a112;  22.37;  19.60;   580;  1063;   922;   335;     2;     1;  -108;  -108;   7.8; drag-outd-01; 1; 7; 125000; 5875
2023-02-28 12:58:07; hka-aqm-a112;  22.30;  19.57;   579;  1067;   651;   217;     3;     1;  -102;  -102;   8.0; drag-outd-01; 4; 7; 125000; 5876
2023-02-28 12:58:27; hka-aqm-a112;  22.30;  19.57;   579;  1069;   750;   253;     3;     2;  -103;  -103;   8.0; drag-lps8-08; 0; 7; 125000; 5877
2023-02-28 12:58:48; hka-aqm-a112;  22.35;  19.53;   579;  1071;  1002;   366;     2;     2;  -120;  -120;  -6.5; drag-lps8-02; 6; 7; 125000; 5878
2023-02-28 12:59:26; hka-aqm-a112;  22.35;  19.53;   584;  1064;   868;   302;     2;     1;  -103;  -103;   6.0; drag-lps8-08; 2; 7; 125000; 5879
2023-02-28 13:00:08; hka-aqm-a112;  22.32;  19.53;   581;  1064;   506;   157;     2;     1;  -108;  -108;   5.0; drag-lps8-08; 3; 7; 125000; 5880
2023-02-28 13:01:28; hka-aqm-a112;  22.36;  19.53;   579;  1072;   892;   309;     3;     1;  -107;  -107;   8.0; drag-outd-01; 7; 7; 125000; 5881
2023-02-28 13:01:47; hka-aqm-a112;  22.36;  19.53;   579;  1071;   765;   263;     3;     2;  -105;  -105;   8.2; drag-outd-01; 0; 7; 125000; 5882
2023-02-28 13:02:46; hka-aqm-a112;  22.32;  19.53;   583;  1077;   497;   155;     3;     4;  -113;  -113;   2.5; drag-lps8-02; 4; 7; 125000; 5883
2023-02-28 13:03:46; hka-aqm-a112;  22.42;  19.53;   583;  1030;   793;   272;     2;     2;  -109;  -109;   7.8; drag-outd-01; 7; 7; 125000; 5884
2023-02-28 13:04:08; hka-aqm-a112;  22.40;  19.53;   581;  1048;   679;   229;     1;     2;  -103;  -103;   6.5; drag-outd-01; 2; 7; 125000; 5885
2023-02-28 13:04:27; hka-aqm-a112;  22.41;  19.50;   581;  1058;  1038;   380;     2;     2;  -113;  -113;  -3.2; drag-lps8-02; 5; 7; 125000; 5886
2023-02-28 13:05:08; hka-aqm-a112;  22.41;  19.53;   585;  1049;   890;   318;     2;     2;  -105;  -105;   8.5; drag-outd-01; 6; 7; 125000; 5887
2023-02-28 13:05:28; hka-aqm-a112;  22.42;  19.50;   584;  1080;  1055;   384;     2;     2;  -102;  -102;   7.0; drag-lps8-08; 1; 7; 125000; 5888
2023-02-28 13:06:07; hka-aqm-a112;  22.40;  19.53;   584;  1080;   831;   301;     2;     2;  -113;  -113;   3.5; drag-lps8-08; 3; 7; 125000; 5889
2023-02-28 13:06:29; hka-aqm-a112;  22.39;  19.53;   584;  1081;   974;   354;     2;     1;  -106;  -106;   7.2; drag-outd-01; 7; 7; 125000; 5891
2023-02-28 13:06:48; hka-aqm-a112;  22.39;  19.46;   584;  1077;   759;   267;     2;     1;  -103;  -103;   7.8; drag-lps8-08; 1; 7; 125000; 5892
2023-02-28 13:07:07; hka-aqm-a112;  22.40;  19.46;   584;  1067;   965;   347;     1;     1;  -112;  -112;   1.8; drag-lps8-02; 2; 7; 125000; 5893
2023-02-28 13:07:28; hka-aqm-a112;  22.41;  19.46;   583;  1070;   783;   270;     1;     1;  -120;  -120;  -7.5; drag-lps8-02; 5; 7; 125000; 5894
2023-02-28 13:07:47; hka-aqm-a112;  22.34;  19.46;   582;  1070;  1061;   384;     1;     1;  -105;  -105;   8.8; drag-outd-01; 3; 7; 125000; 5895
2023-02-28 13:09:07; hka-aqm-a112;  22.38;  19.46;   581;  1072;   846;   294;     3;     0;  -106;  -106;   5.5; drag-lps8-08; 6; 7; 125000; 5896
2023-02-28 13:09:27; hka-aqm-a112;  22.33;  19.43;   581;  1042;   900;   315;     1;     0;  -108;  -108;   7.2; drag-outd-01; 0; 7; 125000; 5897
2023-02-28 13:09:48; hka-aqm-a112;  22.39;  19.46;   579;  1054;   978;   349;     1;     0;  -111;  -111;   5.0; drag-lps8-08; 4; 7; 125000; 5898
2023-02-28 13:10:09; hka-aqm-a112;  22.35;  19.43;   578;  1064;  1041;   376;     1;     1;  -105;  -105;   7.2; drag-lps8-08; 1; 7; 125000; 5899
2023-02-28 13:11:06; hka-aqm-a112;  22.40;  19.39;   579;  1053;   859;   287;     2;     1;  -113;  -113;   0.2; drag-lps8-02; 2; 7; 125000; 5900
2023-02-28 13:11:28; hka-aqm-a112;  22.42;  19.39;   577;  1044;  1069;   387;     2;     1;  -108;  -108;   6.5; drag-lps8-08; 6; 7; 125000; 5901
2023-02-28 13:14:29; hka-aqm-a112;  22.48;  19.39;   572;  1084;  1008;   357;     3;     1;  -108;  -108;   6.0; drag-lps8-08; 5; 7; 125000; 5902
2023-02-28 13:14:48; hka-aqm-a112;  22.46;  19.39;   571;  1082;  1114;   403;     3;     1;  -107;  -107;   8.0; drag-lps8-08; 7; 7; 125000; 5903
2023-02-28 13:16:49; hka-aqm-a112;  22.54;  19.32;   570;  1065;  1036;   376;     3;     1;  -103;  -103;   9.0; drag-outd-01; 0; 7; 125000; 5904
2023-02-28 13:17:07; hka-aqm-a112;  22.52;  19.32;   569;  1048;   940;   332;     2;     1;  -113;  -113;   1.8; drag-lps8-08; 3; 7; 125000; 5905
2023-02-28 13:17:46; hka-aqm-a112;  22.48;  19.32;   572;  1058;  1080;   391;     3;     1;  -103;  -103;   5.5; drag-lps8-08; 2; 7; 125000; 5906
2023-02-28 13:18:29; hka-aqm-a112;  22.49;  19.32;   570;  1060;   943;   336;     2;     1;  -109;  -109;   5.0; drag-lps8-08; 5; 7; 125000; 5907
2023-02-28 13:19:08; hka-aqm-a112;  22.47;  19.25;   570;  1067;   914;   328;     2;     1;  -103;  -103;   7.8; drag-outd-01; 7; 7; 125000; 5908
2023-02-28 13:19:27; hka-aqm-a112;  22.49;  19.25;   571;  1056;   648;   213;     4;     1;  -114;  -114;  -0.8; drag-lps8-02; 3; 7; 125000; 5909
2023-02-28 13:19:47; hka-aqm-a112;  22.50;  19.32;   571;  1022;   576;   181;     4;     1;  -108;  -108;   8.2; drag-outd-01; 0; 7; 125000; 5910
2023-02-28 13:20:47; hka-aqm-a112;  22.47;  19.25;   568;  1025;   948;   334;     2;     1;  -105;  -105;   6.5; drag-outd-01; 1; 7; 125000; 5911
2023-02-28 13:21:09; hka-aqm-a112;  22.40;  19.25;   568;  1026;   691;   227;     1;     3;  -116;  -116;  -3.5; drag-lps8-02; 6; 7; 125000; 5912
2023-02-28 13:21:27; hka-aqm-a112;  22.53;  19.32;   568;  1045;  1016;   367;     1;     3;  -108;  -108;   6.5; drag-lps8-08; 4; 7; 125000; 5913
2023-02-28 13:22:07; hka-aqm-a112;  22.52;  19.32;   568;  1065;   739;   241;     2;     3;  -109;  -109;   4.0; drag-lps8-08; 6; 7; 125000; 5914
2023-02-28 13:23:26; hka-aqm-a112;  22.52;  19.32;   576;  1068;   876;   307;     2;     2;  -102;  -102;   6.5; drag-outd-01; 2; 7; 125000; 5915
2023-02-28 13:24:07; hka-aqm-a112;  22.54;  19.39;   574;  1012;   974;   347;     2;     2;  -107;  -107;   7.2; drag-lps8-08; 1; 7; 125000; 5916
2023-02-28 13:24:29; hka-aqm-a112;  22.52;  19.32;   575;  1031;  1082;   387;     2;     2;   -98;   -98;   5.8; drag-outd-01; 5; 7; 125000; 5917
2023-02-28 13:24:48; hka-aqm-a112;  22.50;  19.32;   577;  1045;   651;   208;     1;     1;  -113;  -113;   2.5; drag-lps8-02; 0; 7; 125000; 5918
2023-02-28 13:25:26; hka-aqm-a112;  22.52;  19.32;   581;  1050;  1093;   392;     2;     4;  -111;  -111;   3.8; drag-lps8-02; 4; 7; 125000; 5919
2023-02-28 13:26:08; hka-aqm-a112;  22.46;  19.32;   584;  1067;   681;   221;     2;     5;  -123;  -123;  -4.0; drag-lps8-02; 7; 7; 125000; 5920
2023-02-28 13:26:27; hka-aqm-a112;  22.51;  19.32;   581;  1061;  1138;   412;     1;     5;  -113;  -113;   1.0; drag-lps8-02; 3; 7; 125000; 5921
2023-02-28 13:27:26; hka-aqm-a112;  22.53;  19.32;   582;  1068;  1145;   414;     2;     7;  -117;  -117;  -3.2; drag-lps8-02; 6; 7; 125000; 5922
2023-02-28 13:28:08; hka-aqm-a112;  22.51;  19.25;   580;  1062;   679;   223;     3;     5;  -119;  -119;  -1.8; drag-lps8-02; 0; 7; 125000; 5923
2023-02-28 13:28:48; hka-aqm-a112;  22.49;  19.25;   582;  1065;   600;   191;     3;     5;  -105;  -105;   6.2; drag-lps8-08; 5; 7; 125000; 5924
2023-02-28 13:29:27; hka-aqm-a112;  22.47;  19.25;   578;  1058;   659;   209;     4;     7;  -103;  -103;   6.8; drag-lps8-08; 2; 7; 125000; 5925
2023-02-28 13:29:48; hka-aqm-a112;  22.50;  19.19;   576;  1062;   829;   277;     3;     6;  -108;  -108;  -1.8; drag-lps8-02; 3; 7; 125000; 5926
2023-02-28 13:30:08; hka-aqm-a112;  22.47;  19.19;   574;  1064;  1108;   395;     3;     6;  -108;  -108;   7.8; drag-lps8-08; 4; 7; 125000; 5927
2023-02-28 13:30:28; hka-aqm-a112;  22.47;  19.22;   572;  1053;   858;   282;     3;     5;  -118;  -118;  -1.2; drag-lps8-02; 7; 7; 125000; 5928
2023-02-28 13:31:07; hka-aqm-a112;  22.46;  19.19;   570;  1060;  1105;   399;     3;     7;  -105;  -105;   7.5; drag-lps8-08; 1; 7; 125000; 5929
2023-02-28 13:31:27; hka-aqm-a112;  22.54;  19.25;   571;  1051;   999;   360;     2;     7;  -113;  -113;   1.8; drag-lps8-02; 6; 7; 125000; 5930
2023-02-28 13:31:48; hka-aqm-a112;  22.51;  19.25;   571;  1048;   652;   213;     2;     6;  -113;  -113; nan; drag-lps8-02; 0; 7; 125000; 5931
2023-02-28 13:32:07; hka-aqm-a112;  22.54;  19.25;   572;  1042;   883;   292;     2;     7;  -108;  -108;   7.5; drag-lps8-08; 4; 7; 125000; 5932
2023-02-28 13:32:27; hka-aqm-a112;  22.50;  19.25;   572;  1052;   987;   355;     2;     7;  -107;  -107;   6.2; drag-lps8-08; 5; 7; 125000; 5933
2023-02-28 13:32:49; hka-aqm-a112;  22.51;  19.25;   572;  1055;   634;   209;     1;     6;  -113;  -113;  -0.2; drag-lps8-02; 7; 7; 125000; 5934
2023-02-28 13:33:08; hka-aqm-a112;  22.52;  19.25;   572;  1050;  1075;   387;     1;     6;  -102;  -102;   6.2; drag-outd-01; 2; 7; 125000; 5935
2023-02-28 13:33:27; hka-aqm-a112;  22.49;  19.25;   572;  1056;   732;   248;     1;     6;  -105;  -105;   8.0; drag-outd-01; 1; 7; 125000; 5936
2023-02-28 13:33:48; hka-aqm-a112;  22.50;  19.25;   573;  1061;   901;   318;     1;     6;  -113;  -113;   2.2; drag-lps8-08; 3; 7; 125000; 5937
2023-02-28 13:34:08; hka-aqm-a112;  22.50;  19.25;   573;  1061;   541;   167;     1;     6;  -103;  -103;   6.5; drag-outd-01; 5; 7; 125000; 5938
2023-02-28 13:37:28; hka-aqm-a112;  22.54;  19.32;   576;  1063;   506;   156;     2;     6;  -112;  -112;   1.5; drag-lps8-02; 3; 7; 125000; 5940
2023-02-28 13:41:26; hka-aqm-a112;  22.54;  19.32;   585;  1060;   559;   176;     3;    10;  -108;  -108;   6.0; drag-lps8-08; 1; 7; 125000; 5941
2023-02-28 13:41:48; hka-aqm-a112;  22.55;  19.25;   582;  1036;   496;   152;     2;     7;  -114;  -114;  -1.2; drag-lps8-02; 6; 7; 125000; 5942
2023-02-28 13:44:48; hka-aqm-a112;  22.56;  19.32;   575;  1028;   639;   211;     3;     9;  -106;  -106;   7.8; drag-outd-01; 7; 7; 125000; 5943
2023-02-28 13:45:28; hka-aqm-a112;  22.57;  19.32;   580;  1013;   478;   147;     2;     6;  -115;  -115;  -0.8; drag-lps8-02; 0; 7; 125000; 5944
2023-02-28 13:53:06; hka-aqm-a112;  22.58;  19.46;   600;  1066;   609;   193;     3;     7;  -107;  -107;   8.2; drag-outd-01; 4; 7; 125000; 5945
2023-02-28 13:53:47; hka-aqm-a112;  22.57;  19.46;   603;  1068;   516;   163;     3;     2;  -101;  -101;   5.8; drag-lps8-08; 2; 7; 125000; 5946
2023-02-28 13:54:07; hka-aqm-a112;  22.60;  19.46;   601;  1068;   758;   256;     3;     2;  -105;  -105;   8.0; drag-lps8-08; 4; 7; 125000; 5947
2023-02-28 13:54:28; hka-aqm-a112;  22.58;  19.46;   598;   943;   636;   207;     3;     1;  -107;  -107;   7.0; drag-outd-01; 7; 7; 125000; 5948
2023-02-28 13:55:07; hka-aqm-a112;  22.60;  19.39;   601;   980;   566;   182;     3;     2;  -116;  -116;  -1.0; drag-lps8-02; 5; 7; 125000; 5949
2023-02-28 13:55:47; hka-aqm-a112;  22.55;  19.46;   600;  1017;   602;   201;     1;     2;  -107;  -107;   9.0; drag-outd-01; 3; 7; 125000; 5950
2023-02-28 13:56:08; hka-aqm-a112;  22.60;  19.39;   599;  1038;   686;   229;     1;     2;  -105;  -105;   7.5; drag-lps8-08; 6; 7; 125000; 5951
2023-02-28 13:58:07; hka-aqm-a112;  22.60;  19.46;   599;  1065;   535;   169;     3;     2;  -106;  -106;   6.8; drag-outd-01; 1; 7; 125000; 5952
2023-02-28 14:01:06; hka-aqm-a112;  22.62;  19.57;   601;  1072;   711;   235;     2;     5;  -105;  -105;   8.8; drag-lps8-08; 0; 7; 125000; 5953
2023-02-28 14:01:48; hka-aqm-a112;  22.55;  19.53;   599;  1055;   793;   261;     2;     5;  -106;  -106;   6.5; drag-outd-01; 1; 7; 125000; 5954
2023-02-28 14:02:08; hka-aqm-a112;  22.61;  19.50;   600;  1061;  1012;   361;     2;     4;  -103;  -103;   5.8; drag-lps8-08; 2; 7; 125000; 5955
2023-02-28 14:02:27; hka-aqm-a112;  22.58;  19.46;   601;  1068;   941;   328;     2;     5;  -106;  -106;   6.0; drag-lps8-08; 3; 7; 125000; 5956
2023-02-28 14:02:47; hka-aqm-a112;  22.61;  19.53;   601;  1072;  1038;   378;     2;     5;  -107;  -107;   8.0; drag-lps8-08; 4; 7; 125000; 5957
2023-02-28 14:03:07; hka-aqm-a112;  22.59;  19.53;   601;   988;   543;   169;     2;     5;  -123;  -123;  -8.2; drag-lps8-02; 6; 7; 125000; 5958
2023-02-28 14:03:27; hka-aqm-a112;  22.62;  19.53;   601;  1017;   670;   217;     2;     6;  -103;  -103;   7.8; drag-lps8-08; 7; 7; 125000; 5959
2023-02-28 14:03:48; hka-aqm-a112;  22.60;  19.53;   601;  1066;   846;   301;     2;     6;  -122;  -122;  -4.5; drag-lps8-02; 0; 7; 125000; 5960
2023-02-28 14:04:29; hka-aqm-a112;  22.58;  19.53;   606;  1065;   549;   172;     2;     6;  -100;  -100;   6.2; drag-outd-01; 5; 7; 125000; 5961
2023-02-28 14:07:07; hka-aqm-a112;  22.62;  19.53;   609;  1060;   605;   201;     2;     7;  -103;  -103;   8.5; drag-lps8-08; 0; 7; 125000; 5962
2023-02-28 14:07:29; hka-aqm-a112;  22.66;  19.50;   608;  1065;   504;   155;     2;    15;  -103;  -103;   9.0; drag-outd-01; 6; 7; 125000; 5963
2023-02-28 14:08:06; hka-aqm-a112;  22.62;  19.53;   611;  1086;   565;   183;     2;    19;  -113;  -113;  -0.8; drag-lps8-02; 2; 7; 125000; 5964
2023-02-28 14:08:26; hka-aqm-a112;  22.60;  19.53;   609;  1068;  1083;   392;     2;    19;  -105;  -105;   8.2; drag-lps8-08; 7; 7; 125000; 5965
2023-02-28 14:08:47; hka-aqm-a112;  22.58;  19.53;   609;  1070;   555;   173;     2;    16;  -103;  -103;   3.0; drag-outd-01; 5; 7; 125000; 5966
2023-02-28 14:10:49; hka-aqm-a112;  22.68;  19.67;   614;  1069;   753;   249;     2;    17;  -112;  -112;  -0.5; drag-lps8-02; 3; 7; 125000; 5967
2023-02-28 14:11:08; hka-aqm-a112;  22.66;  19.71;   614;  1068;   826;   278;     1;     7;  -103;  -103;   8.2; drag-outd-01; 4; 7; 125000; 5968
2023-02-28 14:11:29; hka-aqm-a112;  22.66;  19.60;   615;  1068;   664;   215;     1;     5;  -105;  -105;   6.8; drag-outd-01; 1; 7; 125000; 5969
2023-02-28 14:11:47; hka-aqm-a112;  22.61;  19.53;   617;   952;   490;   152;     1;     6;  -103;  -103;   6.8; drag-outd-01; 4; 7; 125000; 5970
2023-02-28 14:17:07; hka-aqm-a112;  22.58;  19.60;   621;  1034;   507;   158;     2;    12;  -108;  -108;   7.5; drag-outd-01; 0; 7; 125000; 5971
2023-02-28 14:17:27; hka-aqm-a112;  22.66;  19.60;   621;  1047;   940;   332;     2;     7;  -107;  -107;   5.5; drag-outd-01; 1; 7; 125000; 5972
2023-02-28 14:18:06; hka-aqm-a112;  22.68;  19.60;   625;  1054;   620;   206;     3;    10;  -113;  -113;   0.5; drag-lps8-02; 2; 7; 125000; 5973
2023-02-28 14:18:47; hka-aqm-a112;  22.66;  19.67;   627;  1057;   535;   170;     3;    11;  -109;  -109;   6.5; drag-lps8-08; 3; 7; 125000; 5974
2023-02-28 14:28:08; hka-aqm-a112;  22.71;  19.67;   644;  1084;   531;   173;     3;    13;  -113;  -113;   0.5; drag-lps8-02; 5; 7; 125000; 5975
2023-02-28 14:28:48; hka-aqm-a112;  22.70;  19.67;   644;  1091;   790;   275;     1;    11;  -103;  -103;   6.8; drag-outd-01; 6; 7; 125000; 5976
2023-02-28 14:29:09; hka-aqm-a112;  22.76;  19.74;   640;  1101;   490;   155;     1;    11;  -114;  -114;   1.5; drag-lps8-02; 7; 7; 125000; 5977
2023-02-28 14:29:46; hka-aqm-a112;  22.73;  19.74;   642;  1097;   860;   314;     1;     8;  -103;  -103;   7.8; drag-lps8-08; 1; 7; 125000; 5978
2023-02-28 14:30:07; hka-aqm-a112;  22.70;  19.78;   639;  1124;   693;   238;     1;    10;  -103;  -103;   8.5; drag-outd-01; 3; 7; 125000; 5979
2023-02-28 14:30:29; hka-aqm-a112;  22.74;  19.74;   639;  1127;   484;   152;     1;    11;  -107;  -107;   7.5; drag-lps8-08; 4; 7; 125000; 5980
2023-02-28 14:30:49; hka-aqm-a112;  22.74;  19.74;   640;  1037;   676;   240;     1;    12;  -107;  -107;   8.5; drag-outd-01; 7; 7; 125000; 5981
2023-02-28 14:31:07; hka-aqm-a112;  22.76;  19.74;   640;  1052;   550;   187;     1;    12;  -107;  -107;   8.0; drag-outd-01; 0; 7; 125000; 5982
2023-02-28 14:31:28; hka-aqm-a112;  22.72;  19.74;   641;  1069;   411;   125;     2;    10;  -114;  -114;  -1.0; drag-lps8-02; 6; 7; 125000; 5983
2023-02-28 14:40:27; hka-aqm-a112;  22.77;  20.02;   652;  1127;   590;   198;     3;    19;  -102;  -102;   6.2; drag-outd-01; 5; 7; 125000; 5984
2023-02-28 14:40:47; hka-aqm-a112;  22.76;  20.02;   652;  1131;   517;   169;     2;    16;  -102;  -102;   6.2; drag-lps8-08; 2; 7; 125000; 5985
2023-02-28 14:41:26; hka-aqm-a112;  22.77;  20.02;   656;  1146;   449;   140;     2;    17;  -102;  -102;   7.8; drag-lps8-08; 1; 7; 125000; 5986
2023-02-28 14:46:46; hka-aqm-a112;  22.71;  20.09;   671;  1169;   543;   173;     3;    22;  -108;  -108;   6.2; drag-lps8-08; 3; 7; 125000; 5987
2023-02-28 14:47:08; hka-aqm-a112;  22.65;  20.09;   671;  1092;   425;   130;     1;    21;  -101;  -101;   6.0; drag-lps8-08; 2; 7; 125000; 5988
2023-02-28 14:54:06; hka-aqm-a112;  22.78;  20.26;   695;  1197;   588;   195;     3;    23;  -106;  -106;   5.5; drag-lps8-08; 5; 7; 125000; 5989
2023-02-28 14:54:26; hka-aqm-a112;  22.76;  20.23;   694;  1198;   501;   158;     2;    23;  -105;  -105;   7.8; drag-lps8-08; 0; 7; 125000; 5990
2023-02-28 14:56:07; hka-aqm-a112;  22.74;  20.30;   693;  1186;   591;   203;     3;    27;  -103;  -103;   7.0; drag-outd-01; 4; 7; 125000; 5991
2023-02-28 14:56:48; hka-aqm-a112;  22.79;  20.26;   698;  1189;   434;   136;     2;    25;  -106;  -106;   6.5; drag-lps8-08; 6; 7; 125000; 5992
2023-02-28 15:07:47; hka-aqm-a112;  22.76;  20.23;   709;  1239;   689;   250;     3;    25;  -115;  -115;   0.2; drag-lps8-02; 7; 7; 125000; 5993
2023-02-28 15:08:26; hka-aqm-a112;  22.76;  20.30;   712;  1232;   547;   186;     2;    16;  -106;  -106;   1.0; drag-outd-01; 1; 7; 125000; 5994
2023-02-28 15:09:26; hka-aqm-a112;  22.75;  20.37;   717;  1231;   396;   120;     2;    17;  -107;  -107;   6.2; drag-lps8-08; 6; 7; 125000; 5995
2023-02-28 15:09:47; hka-aqm-a112;  22.78;  20.37;   713;  1221;   666;   235;     1;    18;  -105;  -105;   6.0; drag-lps8-08; 5; 7; 125000; 5996
2023-02-28 15:10:07; hka-aqm-a112;  22.76;  20.30;   711;  1216;   453;   144;     1;    18;  -105;  -105;   7.5; drag-lps8-08; 0; 7; 125000; 5997
2023-02-28 15:11:27; hka-aqm-a112;  22.76;  20.26;   708;  1169;   511;   166;     3;    17;  -105;  -105;   6.5; drag-outd-01; 2; 7; 125000; 5998
2023-02-28 15:11:48; hka-aqm-a112;  22.66;  20.26;   708;  1186;   736;   267;     1;    15;  -113;  -113;   1.2; drag-lps8-02; 4; 7; 125000; 5999
2023-02-28 15:12:47; hka-aqm-a112;  22.79;  20.26;   706;  1191;   442;   140;     3;    15;  -106;  -106;   8.0; drag-outd-01; 3; 7; 125000; 6000
2023-02-28 15:14:26; hka-aqm-a112;  22.74;  20.23;   705;  1197;   372;   112;     2;    15;  -106;  -106;   8.8; drag-outd-01; 7; 7; 125000; 6001
2023-02-28 15:15:26; hka-aqm-a112;  22.76;  20.30;   707;  1204;   348;   101;     2;    14;  -112;  -112;  -1.2; drag-lps8-02; 5; 7; 125000; 6002
2023-02-28 15:17:07; hka-aqm-a112;  22.81;  20.23;   707;  1149;   502;   170;     2;    13;  -111;  -111;   6.0; drag-lps8-08; 4; 7; 125000; 6003
2023-02-28 15:17:27; hka-aqm-a112;  22.74;  20.26;   707;  1156;   601;   212;     2;    11;  -112;  -112;   2.0; drag-lps8-02; 2; 7; 125000; 6004
2023-02-28 15:18:07; hka-aqm-a112;  22.78;  20.16;   705;  1142;   376;   111;     3;    11;  -113;  -113;   2.5; drag-lps8-08; 3; 7; 125000; 6005
2023-02-28 15:18:28; hka-aqm-a112;  22.78;  20.19;   706;  1196;   481;   157;     3;     9;  -114;  -114;   1.2; drag-lps8-02; 7; 7; 125000; 6006
2023-02-28 15:21:47; hka-aqm-a112;  22.72;  20.23;   701;  1188;   594;   202;     3;    10;  -105;  -105;   7.2; drag-lps8-08; 0; 7; 125000; 6007
2023-02-28 15:23:08; hka-aqm-a112;  22.71;  20.30;   699;  1207;   492;   155;     1;    12;  -106;  -106;   7.5; drag-lps8-08; 1; 7; 125000; 6008
2023-02-28 15:23:27; hka-aqm-a112;  22.68;  20.30;   699;  1089;   366;   103;     2;    10;  -102;  -102;   7.8; drag-outd-01; 6; 7; 125000; 6009
2023-02-28 15:24:46; hka-aqm-a112;  22.68;  20.37;   704;  1195;   646;   223;     4;     9;  -101;  -101;   6.0; drag-outd-01; 5; 7; 125000; 6010
2023-02-28 15:25:06; hka-aqm-a112;  22.71;  20.33;   704;  1192;   715;   256;     2;     7;  -100;  -100;   8.2; drag-outd-01; 4; 7; 125000; 6011
2023-02-28 15:33:26; hka-aqm-a112;  22.70;  20.23;   710;  1217;   521;   168;     5;    11;  -114;  -114;   0.5; drag-lps8-02; 7; 7; 125000; 6012
2023-02-28 15:33:47; hka-aqm-a112;  22.68;  20.23;   708;  1108;   359;   101;     2;    11;  -112;  -112;   2.0; drag-lps8-08; 3; 7; 125000; 6013
2023-02-28 15:35:28; hka-aqm-a112;  22.68;  20.23;   704;  1182;   437;   133;     2;    12;  -106;  -106;   5.8; drag-lps8-08; 2; 7; 125000; 6014
2023-02-28 15:35:47; hka-aqm-a112;  22.69;  20.23;   703;  1180;   663;   232;     2;    10;  -112;  -112;   1.2; drag-lps8-02; 1; 7; 125000; 6015
2023-02-28 15:43:47; hka-aqm-a112;  22.72;  20.23;   700;  1220;   336;    93;     4;    13;  -105;  -105;   7.5; drag-lps8-08; 0; 7; 125000; 6016
2023-02-28 15:45:27; hka-aqm-a112;  22.67;  20.23;   693;  1190;   544;   184;     2;    15;  -108;  -108;   7.0; drag-lps8-08; 6; 7; 125000; 6017
2023-02-28 15:45:48; hka-aqm-a112;  22.72;  20.16;   694;  1193;   649;   228;     2;    15;  -108;  -108;   6.2; drag-lps8-08; 3; 7; 125000; 6018
2023-02-28 15:49:07; hka-aqm-a112;  22.71;  20.23;   695;  1170;   465;   148;     2;    18;  -105;  -105;   8.8; drag-outd-01; 4; 7; 125000; 6019
2023-02-28 15:50:06; hka-aqm-a112;  22.76;  20.16;   695;  1162;   410;   126;     3;    12;  -117;  -117;  -4.2; drag-lps8-02; 6; 7; 125000; 6020
2023-02-28 15:50:26; hka-aqm-a112;  22.72;  20.16;   694;  1165;   585;   204;     3;    12;  -107;  -107;   8.2; drag-lps8-08; 0; 7; 125000; 6021
2023-02-28 15:53:47; hka-aqm-a112;  22.68;  20.23;   692;  1142;   317;    86;     3;    14;  -106;  -106;   3.2; drag-outd-01; 5; 7; 125000; 6022
2023-02-28 15:54:08; hka-aqm-a112;  22.67;  20.23;   693;  1165;   372;   113;     2;    16;  -112;  -112;   1.5; drag-lps8-02; 1; 7; 125000; 6023
2023-02-28 15:54:28; hka-aqm-a112;  22.67;  20.23;   695;  1184;   497;   167;     3;    18;  -105;  -105;   8.0; drag-outd-01; 7; 7; 125000; 6024
2023-02-28 15:54:48; hka-aqm-a112;  22.70;  20.23;   696;  1191;   304;    79;     3;    18;  -102;  -102;   5.8; drag-lps8-08; 2; 7; 125000; 6025
2023-02-28 15:55:48; hka-aqm-a112;  22.66;  20.30;   698;  1258;   545;   189;     3;    18;  -113;  -113;   1.0; drag-lps8-02; 4; 7; 125000; 6026
2023-02-28 15:56:26; hka-aqm-a112;  22.68;  20.30;   701;  1248;   398;   122;     2;    14;  -111;  -111;   7.0; drag-outd-01; 0; 7; 125000; 6027
2023-02-28 15:56:47; hka-aqm-a112;  22.68;  20.30;   699;  1249;   332;    93;     2;    15;  -106;  -106;   6.8; drag-outd-01; 5; 7; 125000; 6028
2023-02-28 15:57:27; hka-aqm-a112;  22.71;  20.26;   698;  1098;   523;   180;     3;    15;  -111;  -111;   2.2; drag-lps8-08; 3; 7; 125000; 6029
2023-02-28 15:58:08; hka-aqm-a112;  22.70;  20.33;   695;  1207;   502;   166;     3;    15;  -108;  -108;   7.2; drag-outd-01; 6; 7; 125000; 6030
2023-02-28 16:13:15; hka-aqm-a112;  21.02;  20.23;   591;   967;   469;   159;     3;    16;  -103;  -103;   7.8; drag-lps8-08; 1; 7; 125000; 6031
2023-02-28 16:28:21; hka-aqm-a112;  20.64;  20.16;   550;   829;   415;   142;     2;    11;  -105;  -105;   8.8; drag-lps8-08; 7; 7; 125000; 6032
2023-02-28 16:43:28; hka-aqm-a112;  21.38;  19.92;   564;  1034;   345;   116;     4;    23;  -102;  -102;   6.0; drag-lps8-08; 2; 7; 125000; 6033
2023-02-28 16:58:34; hka-aqm-a112;  22.06;  19.53;   587;  1065;   265;    85;     0;    14;  -113;  -113;   1.5; drag-lps8-02; 1; 7; 125000; 6034
2023-02-28 17:13:40; hka-aqm-a112;  22.42;  19.57;   619;  1140;   189;    54;     1;    22;  -107;  -107;   5.2; drag-lps8-08; 4; 7; 125000; 6035
2023-02-28 17:28:47; hka-aqm-a112;  22.58;  19.67;   643;  1194;   144;    38;     4;    23;  -105;  -105;   7.0; drag-outd-01; 2; 7; 125000; 6036
2023-02-28 17:43:53; hka-aqm-a112;  22.47;  19.74;   652;  1217;   101;    22;     0;     4;  -107;  -107;   7.0; drag-lps8-08; 0; 7; 125000; 6037
2023-02-28 17:58:59; hka-aqm-a112;  22.44;  19.88;   651;  1209;    71;    11;     2;    12;  -107;  -107;   7.5; drag-outd-01; 6; 7; 125000; 6038
2023-02-28 18:14:07; hka-aqm-a112;  22.42;  20.02;   654;  1225;    59;     7;     4;    23;  -106;  -106;   6.0; drag-lps8-08; 5; 7; 125000; 6039
2023-02-28 18:29:14; hka-aqm-a112;  22.38;  20.16;   666;  1212;    56;     5;     2;    12;  -107;  -107;   7.5; drag-lps8-08; 7; 7; 125000; 6040
2023-02-28 18:44:20; hka-aqm-a112;  22.32;  20.30;   679;  1251;    55;     5;     2;    11;  -112;  -112;   1.8; drag-lps8-02; 3; 7; 125000; 6041
2023-02-28 18:59:28; hka-aqm-a112;  22.30;  20.40;   708;  1305;    57;     7;     4;    23;  -108;  -108;   6.2; drag-lps8-08; 4; 7; 125000; 6042
2023-02-28 19:14:34; hka-aqm-a112;  22.28;  20.16;   678;  1329;    55;     5;     3;     3;  -113;  -113;   3.2; drag-lps8-08; 3; 7; 125000; 6043
2023-02-28 19:29:41; hka-aqm-a112;  22.18;  20.02;   623;  1243;    55;     5;     1;     3;  -114;  -114;  -1.5; drag-lps8-02; 6; 7; 125000; 6044
2023-02-28 19:44:48; hka-aqm-a112;  22.04;  20.02;   598;  1175;    58;     7;     4;    23;  -105;  -105;   6.2; drag-outd-01; 2; 7; 125000; 6045
2023-02-28 19:59:54; hka-aqm-a112;  21.95;  19.92;   577;  1050;    55;     5;     1;     2;  -115;  -115;  -1.0; drag-lps8-02; 1; 7; 125000; 6046
2023-02-28 20:15:01; hka-aqm-a112;  21.92;  19.81;   554;  1066;     7;     1;     2;     0;  -105;  -105;   7.5; drag-outd-01; 0; 7; 125000; 6047
2023-02-28 20:30:08; hka-aqm-a112;  21.80;  19.67;   517;  1018;    50;     5;     4;    23;  -115;  -115;   1.8; drag-lps8-02; 7; 7; 125000; 6048
2023-02-28 20:45:14; hka-aqm-a112;  21.68;  19.67;   504;  1000;     8;     2;     1;     2;  -107;  -107;   4.8; drag-lps8-08; 5; 7; 125000; 6049
2023-02-28 21:00:20; hka-aqm-a112;  21.36;  19.74;   484;   952;     7;     1;     2;     0;  -110;  -110;   1.2; drag-lps8-02; 3; 7; 125000; 6050
2023-02-28 21:05:07; hka-aqm-a112;  21.32;  19.81;   473;   825;     7;     0;     4;    23;  -114;  -114;  -3.0; drag-lps8-02; 5; 7; 125000; 6051
2023-02-28 21:20:13; hka-aqm-a112;  21.03;  20.09;   469;   920;     7;     0;     2;     0;  -103;  -103;   6.8; drag-outd-01; 1; 7; 125000; 6052
2023-02-28 21:35:19; hka-aqm-a112;  20.86;  20.09;   461;   780;    10;     3;     2;     0;  -108;  -108;   6.5; drag-lps8-08; 6; 7; 125000; 6053
2023-02-28 21:50:26; hka-aqm-a112;  20.63;  20.26;   454;   864;     7;     1;     3;     1;  -111;  -111;   1.5; drag-lps8-02; 2; 7; 125000; 6054
2023-02-28 22:05:32; hka-aqm-a112;  20.46;  20.33;   447;   837;     7;     1;     1;     0;  -105;  -105;   8.5; drag-outd-01; 0; 7; 125000; 6055
2023-02-28 22:20:38; hka-aqm-a112;  20.39;  20.33;   446;   828;     7;     1;     0;     0;  -111;  -111;   5.0; drag-lps8-08; 4; 7; 125000; 6056
2023-02-28 22:35:44; hka-aqm-a112;  20.26;  20.44;   440;   813;     7;     1;     2;     0;  -114;  -114; nan; drag-lps8-02; 7; 7; 125000; 6057
2023-02-28 22:50:51; hka-aqm-a112;  20.15;  20.44;   435;   790;     7;     1;     0;     0;  -111;  -111;   5.8; drag-lps8-08; 4; 7; 125000; 6058
2023-02-28 23:05:57; hka-aqm-a112;  20.06;  20.51;   429;   793;     9;     3;     0;     0;  -105;  -105;   8.8; drag-outd-01; 3; 7; 125000; 6059
2023-02-28 23:21:03; hka-aqm-a112;  19.92;  20.61;   429;   770;     7;     1;     2;     0;  -112;  -112;   3.0; drag-lps8-02; 5; 7; 125000; 6060
2023-02-28 23:36:09; hka-aqm-a112;  19.83;  20.71;   433;   777;     7;     1;     3;     1;  -113;  -113;   0.2; drag-lps8-02; 7; 7; 125000; 6061
2023-02-28 23:51:16; hka-aqm-a112;  19.68;  20.78;   425;   765;     9;     2;     2;     0;  -111;  -111;  -0.2; drag-lps8-02; 6; 7; 125000; 6062
