# Logfile LoRaWAN TTN/TTS V3 logger version hka-log V 1.1
date_time;device_id;tmp;hum;CO2;VOC;vis;IR;WIFI;BLE;rssi;channel_rssi;snr;gateway;channel_index;spreading_factor;bandwidth;f_cnt
2023-03-27 00:10:48; hka-aqm-a108;  20.57;  39.43;   432;   627;     6;     0;     3;     2;  -124;  -124;  -6.2; drag-outd-01; 4; 7; 125000; 10058
2023-03-27 00:26:01; hka-aqm-a108;  20.54;  39.49;   434;   625;     6;     1;     0;     0;  -124;  -124;  -7.8; drag-outd-01; 5; 7; 125000; 10059
2023-03-27 00:41:16; hka-aqm-a108;  20.51;  39.56;   430;   631;     6;     0;     3;     2;  -124;  -124;  -9.2; drag-lps8-02; 7; 7; 125000; 10060
2023-03-27 00:56:36; hka-aqm-a108;  20.49;  39.56;   433;   662;     6;     0;     3;     2;  -126;  -126;  -7.2; drag-outd-01; 6; 7; 125000; 10061
2023-03-27 01:11:42; hka-aqm-a108;  20.50;  39.56;   435;   603;     6;     2;     3;     0;  -125;  -125;  -7.8; drag-lps8-08; 5; 7; 125000; 10062
2023-03-27 01:26:55; hka-aqm-a108;  20.44;  39.62;   429;   612;     6;     2;     3;     2;  -123;  -123;  -3.8; drag-outd-01; 4; 7; 125000; 10063
2023-03-27 01:42:15; hka-aqm-a108;  20.40;  39.72;   430;   584;     6;     0;     3;     2;  -125;  -125;  -5.8; drag-outd-01; 6; 7; 125000; 10064
2023-03-27 01:57:21; hka-aqm-a108;  20.38;  39.72;   426;   577;     6;     1;     1;     0;  -124;  -124;  -7.0; drag-lps8-02; 5; 7; 125000; 10065
2023-03-27 02:12:36; hka-aqm-a108;  20.34;  39.69;   426;   584;     6;     0;     3;     2;  -127;  -127;  -7.0; drag-outd-01; 3; 7; 125000; 10066
2023-03-27 02:27:49; hka-aqm-a108;  20.32;  39.76;   426;   565;     6;     0;     3;     2;  -126;  -126;  -8.5; drag-outd-01; 2; 7; 125000; 10067
2023-03-27 02:43:02; hka-aqm-a108;  20.30;  39.82;   424;   564;     6;     0;     2;     0;  -123;  -123;  -3.2; drag-outd-01; 3; 7; 125000; 10068
2023-03-27 02:58:21; hka-aqm-a108;  20.28;  39.82;   432;   561;     6;     1;     1;     0;  -124;  -124;  -5.5; drag-outd-01; 6; 7; 125000; 10070
2023-03-27 03:13:35; hka-aqm-a108;  20.24;  39.82;   423;   553;     6;     0;     3;     2;  -124;  -124;  -6.8; drag-lps8-02; 7; 7; 125000; 10071
2023-03-27 03:28:49; hka-aqm-a108;  20.21;  39.82;   423;   547;     6;     0;     3;     2;  -122;  -122;  -7.5; drag-lps8-08; 1; 7; 125000; 10072
2023-03-27 03:44:02; hka-aqm-a108;  20.21;  39.69;   430;   544;     7;     1;     1;     0;  -125;  -125;  -4.8; drag-outd-01; 7; 7; 125000; 10073
2023-03-27 04:29:41; hka-aqm-a108;  20.12;  39.66;   425;   545;     6;     0;     1;     0;  -127;  -127;  -7.2; drag-outd-01; 3; 7; 125000; 10076
2023-03-27 04:44:55; hka-aqm-a108;  20.09;  39.53;   423;   564;     9;     3;     3;     2;  -125;  -125;  -8.0; drag-lps8-02; 0; 7; 125000; 10077
2023-03-27 05:00:16; hka-aqm-a108;  20.05;  39.43;   420;   583;     9;     3;     3;     2;  -123;  -123;  -5.0; drag-outd-01; 7; 7; 125000; 10079
2023-03-27 05:15:29; hka-aqm-a108;  20.00;  39.36;   418;   591;     6;     0;     3;     2;  -126;  -126;  -8.8; drag-lps8-08; 5; 7; 125000; 10080
2023-03-27 05:31:02; hka-aqm-a108;  19.97;  39.16;   422;   589;     8;     2;     3;     2;  -128;  -128;  -7.5; drag-outd-01; 3; 7; 125000; 10081
2023-03-27 05:46:09; hka-aqm-a108;  19.97;  38.97;   421;   594;     6;     0;     3;     2;  -123;  -123;  -8.0; drag-lps8-08; 2; 7; 125000; 10082
2023-03-27 06:01:43; hka-aqm-a108;  19.91;  38.93;   425;   593;     9;     3;     3;     2;  -121;  -121;  -7.0; drag-lps8-08; 1; 7; 125000; 10083
2023-03-27 06:16:49; hka-aqm-a108;  19.86;  38.83;   424;   631;     7;     2;     3;     2;  -128;  -128;  -7.2; drag-outd-01; 3; 7; 125000; 10084
2023-03-27 06:31:26; hka-aqm-a108;  19.88;  38.77;   426;   604;    79;    12;     3;     2;  -125;  -125;  -8.0; drag-lps8-08; 4; 7; 125000; 10086
2023-03-27 06:36:47; hka-aqm-a108;  20.03;  39.62;   426;   642;     7;     6;     1;     0;  -122;  -122;  -5.2; drag-lps8-08; 0; 7; 125000; 10087
2023-03-27 06:52:00; hka-aqm-a108;  19.92;  39.66;   429;   604;    10;     3;     1;     1;  -122;  -122;  -5.5; drag-lps8-02; 0; 7; 125000; 10088
2023-03-27 07:07:16; hka-aqm-a108;  19.85;  39.30;   436;   594;    11;     1;     3;     1;  -126;  -126;  -6.5; drag-outd-01; 4; 7; 125000; 10089
2023-03-27 07:22:29; hka-aqm-a108;  19.83;  39.03;   430;   618;    17;     3;     3;     1;  -127;  -127;  -8.0; drag-outd-01; 6; 7; 125000; 10090
2023-03-27 07:37:48; hka-aqm-a108;  19.80;  38.80;   433;   574;    56;    11;     3;     1;  -120;  -120;  -5.0; drag-lps8-08; 2; 7; 125000; 10092
2023-03-27 07:52:55; hka-aqm-a108;  19.81;  38.51;   428;   596;   120;    30;     3;     1;  -125;  -125;  -5.8; drag-outd-01; 4; 7; 125000; 10093
2023-03-27 07:53:27; hka-aqm-a108;  19.82;  38.47;   426;   599;   225;    62;     3;     1;  -123;  -123;  -6.0; drag-lps8-02; 7; 7; 125000; 10094
2023-03-27 07:54:28; hka-aqm-a108;  19.81;  38.44;   426;   598;   274;    75;     2;     0;  -122;  -122;  -7.5; drag-lps8-02; 5; 7; 125000; 10095
2023-03-27 07:54:47; hka-aqm-a108;  19.80;  38.44;   425;   598;   355;    99;     2;     0;  -126;  -126;  -7.5; drag-outd-01; 6; 7; 125000; 10096
2023-03-27 07:55:09; hka-aqm-a108;  19.75;  38.44;   425;   660;   520;   148;     2;     0;  -126;  -126;  -6.5; drag-outd-01; 3; 7; 125000; 10097
2023-03-27 07:55:47; hka-aqm-a108;  19.82;  38.41;   429;   642;   861;   250;     2;     0;  -124;  -124;  -5.8; drag-lps8-08; 0; 7; 125000; 10098
2023-03-27 07:56:09; hka-aqm-a108;  19.79;  38.41;   428;   629;   922;   269;     2;     0;  -123;  -123;  -8.8; drag-lps8-02; 1; 7; 125000; 10099
2023-03-27 07:56:48; hka-aqm-a108;  19.78;  38.37;   426;   614;   993;   287;     2;     0;  -124;  -124;  -4.8; drag-outd-01; 4; 7; 125000; 10100
2023-03-27 07:57:08; hka-aqm-a108;  19.78;  38.37;   426;   611;  1104;   320;     2;     0;  -120;  -120;  -7.0; drag-lps8-02; 5; 7; 125000; 10101
2023-03-27 07:59:48; hka-aqm-a108;  19.92;  38.34;   431;   616;  1175;   334;     2;     0;  -121;  -121;  -5.8; drag-lps8-02; 7; 7; 125000; 10102
2023-03-27 08:01:28; hka-aqm-a108;  19.92;  38.27;   429;   633;  1092;   305;     1;     0;  -123;  -123;  -5.2; drag-lps8-02; 0; 7; 125000; 10103
2023-03-27 08:01:47; hka-aqm-a108;  19.96;  38.31;   427;   624;   923;   257;     1;     0;  -129;  -129;  -7.8; drag-outd-01; 3; 7; 125000; 10104
2023-03-27 08:03:09; hka-aqm-a108;  19.90;  38.21;   431;   612;  1597;   448;     2;     1;  -122;  -122;  -9.0; drag-lps8-02; 1; 7; 125000; 10105
2023-03-27 08:03:29; hka-aqm-a108;  19.88;  38.18;   428;   628;  1697;   476;     2;     0;  -126;  -126;  -8.2; drag-outd-01; 6; 7; 125000; 10106
2023-03-27 08:06:08; hka-aqm-a108;  19.94;  38.11;   423;   616;  1947;   543;     3;     0;  -121;  -121;  -7.2; drag-lps8-08; 2; 7; 125000; 10107
2023-03-27 08:08:08; hka-aqm-a108;  20.04;  37.84;   427;   608;  1672;   460;     1;     0;  -122;  -122;  -9.0; drag-lps8-02; 6; 7; 125000; 10109
2023-03-27 08:08:27; hka-aqm-a108;  20.06;  37.84;   427;   616;  1469;   401;     1;     0;  -124;  -124;  -7.5; drag-lps8-08; 0; 7; 125000; 10110
2023-03-27 08:08:48; hka-aqm-a108;  20.00;  37.78;   427;   615;  1250;   341;     1;     0;  -122;  -122;  -6.5; drag-lps8-08; 2; 7; 125000; 10111
2023-03-27 08:09:07; hka-aqm-a108;  20.06;  37.65;   427;   612;  1062;   287;     1;     0;  -120;  -120;  -6.2; drag-lps8-08; 1; 7; 125000; 10112
2023-03-27 08:09:27; hka-aqm-a108;  19.99;  37.38;   427;   610;   909;   247;     1;     0;  -125;  -125;  -5.8; drag-outd-01; 4; 7; 125000; 10113
2023-03-27 08:10:07; hka-aqm-a108;  19.96;  37.45;   427;   596;  1249;   343;     1;     0;  -122;  -122;  -3.5; drag-outd-01; 5; 7; 125000; 10114
2023-03-27 08:10:27; hka-aqm-a108;  19.98;  37.51;   427;   597;  1390;   384;     1;     0;  -124;  -124;  -5.5; drag-outd-01; 7; 7; 125000; 10115
2023-03-27 08:11:27; hka-aqm-a108;  19.97;  37.45;   427;   597;  1948;   534;     2;     0;  -121;  -121;  -6.0; drag-lps8-02; 5; 7; 125000; 10116
2023-03-27 08:11:48; hka-aqm-a108;  19.98;  37.45;   427;   596;  2234;   612;     2;     0;  -124;  -124;  -7.0; drag-lps8-02; 7; 7; 125000; 10117
2023-03-27 08:12:28; hka-aqm-a108;  20.02;  37.41;   427;   593;  2339;   640;     2;     0;  -121;  -121;  -6.8; drag-lps8-08; 1; 7; 125000; 10118
2023-03-27 08:13:48; hka-aqm-a108;  19.98;  37.35;   431;   594;  2476;   674;     2;     0;  -124;  -124;  -4.0; drag-outd-01; 3; 7; 125000; 10119
2023-03-27 08:14:28; hka-aqm-a108;  20.05;  37.25;   429;   595;  2579;   700;     1;     0;  -121;  -121;  -4.0; drag-outd-01; 4; 7; 125000; 10120
2023-03-27 08:15:08; hka-aqm-a108;  20.14;  37.08;   429;   595;  2684;   723;     1;     0;  -123;  -123;  -5.2; drag-outd-01; 6; 7; 125000; 10121
2023-03-27 08:15:28; hka-aqm-a108;  20.08;  37.18;   429;   597;  2627;   706;     1;     0;  -120;  -120;  -5.2; drag-lps8-08; 2; 7; 125000; 10122
2023-03-27 08:16:08; hka-aqm-a108;  20.13;  37.12;   429;   597;  2498;   662;     2;     2;  -125;  -125;  -6.8; drag-lps8-08; 0; 7; 125000; 10123
2023-03-27 08:16:27; hka-aqm-a108;  20.13;  36.98;   429;   597;  2323;   613;     1;     2;  -122;  -122;  -4.0; drag-outd-01; 4; 7; 125000; 10124
2023-03-27 08:17:07; hka-aqm-a108;  20.11;  36.89;   429;   597;  1985;   522;     1;     0;  -120;  -120;  -8.2; drag-lps8-02; 6; 7; 125000; 10125
2023-03-27 08:17:46; hka-aqm-a108;  20.15;  36.98;   433;   597;  2377;   625;     2;     3;  -121;  -121;  -7.0; drag-lps8-08; 1; 7; 125000; 10126
2023-03-27 08:18:08; hka-aqm-a108;  20.10;  36.72;   430;   654;  2095;   547;     1;     3;  -125;  -125;  -8.0; drag-lps8-08; 7; 7; 125000; 10127
2023-03-27 08:18:47; hka-aqm-a108;  20.13;  36.79;   432;   636;  2184;   568;     1;     3;  -121;  -121;  -6.0; drag-lps8-02; 5; 7; 125000; 10128
2023-03-27 08:19:28; hka-aqm-a108;  20.12;  36.72;   434;   639;  1425;   364;     2;     3;  -120;  -120;  -4.5; drag-lps8-08; 2; 7; 125000; 10129
2023-03-27 08:19:48; hka-aqm-a108;  20.14;  36.79;   431;   624;  1605;   412;     1;     0;  -123;  -123;  -5.2; drag-lps8-08; 0; 7; 125000; 10130
2023-03-27 08:20:07; hka-aqm-a108;  20.15;  36.69;   429;   615;  1996;   511;     2;     0;  -126;  -126;  -5.5; drag-outd-01; 3; 7; 125000; 10131
2023-03-27 08:20:27; hka-aqm-a108;  20.17;  36.59;   428;   608;  1888;   484;     2;     3;  -125;  -125;  -6.8; drag-lps8-08; 5; 7; 125000; 10132
2023-03-27 08:21:07; hka-aqm-a108;  20.17;  36.19;   426;   600;  1722;   436;     1;     3;  -120;  -120;  -5.5; drag-lps8-08; 1; 7; 125000; 10133
2023-03-27 08:21:29; hka-aqm-a108;  20.16;  36.22;   426;   596;  1876;   470;     1;     3;  -125;  -125;  -6.8; drag-lps8-02; 0; 7; 125000; 10134
2023-03-27 08:22:08; hka-aqm-a108;  20.16;  36.29;   427;   600;  2551;   648;     1;     3;  -124;  -124;  -7.2; drag-lps8-08; 4; 7; 125000; 10136
2023-03-27 08:22:27; hka-aqm-a108;  20.13;  36.32;   427;   601;  2175;   554;     1;     3;  -126;  -126;  -6.5; drag-outd-01; 2; 7; 125000; 10137
2023-03-27 08:24:08; hka-aqm-a108;  20.17;  36.35;   445;   603;  3299;   840;     1;     3;  -127;  -127;  -8.0; drag-outd-01; 6; 7; 125000; 10138
2023-03-27 08:24:28; hka-aqm-a108;  20.19;  36.39;   441;   605;  4891;  1257;     1;     2;  -124;  -124;  -7.0; drag-lps8-08; 7; 7; 125000; 10139
2023-03-27 08:24:48; hka-aqm-a108;  20.23;  36.35;   440;   585;  5529;  1450;     1;     2;  -124;  -124;  -6.8; drag-lps8-08; 5; 7; 125000; 10140
2023-03-27 08:25:09; hka-aqm-a108;  20.24;  36.39;   440;   597;  6931;  1873;     2;     2;  -124;  -124;  -6.5; drag-outd-01; 2; 7; 125000; 10141
2023-03-27 08:25:29; hka-aqm-a108;  20.31;  36.49;   443;   607;  9094;  2500;     2;     2;  -120;  -120;  -6.2; drag-lps8-08; 1; 7; 125000; 10142
2023-03-27 08:25:49; hka-aqm-a108;  20.28;  36.32;   446;   615; 12516;  3462;     1;     2;  -128;  -128;  -7.8; drag-outd-01; 3; 7; 125000; 10143
2023-03-27 08:26:07; hka-aqm-a108;  20.23;  36.19;   448;   637; 15657;  4344;     1;     2;  -127;  -127;  -8.0; drag-outd-01; 7; 7; 125000; 10144
2023-03-27 08:26:27; hka-aqm-a108;  20.26;  36.16;   450;   644; 19056;  5310;     1;     2;  -124;  -124;  -5.2; drag-outd-01; 6; 7; 125000; 10145
2023-03-27 08:26:48; hka-aqm-a108;  20.21;  36.06;   453;   644; 19175;  5351;     1;     2;  -126;  -126;  -6.2; drag-outd-01; 4; 7; 125000; 10146
2023-03-27 08:27:08; hka-aqm-a108;  20.28;  36.16;   455;   650; 16653;  4605;     1;     2;  -123;  -123;  -6.0; drag-lps8-08; 0; 7; 125000; 10147
2023-03-27 08:27:46; hka-aqm-a108;  20.24;  36.16;   460;   646;  8133;  2149;     1;     2;  -120;  -120;  -6.0; drag-lps8-08; 1; 7; 125000; 10148
2023-03-27 08:28:06; hka-aqm-a108;  20.28;  36.19;   458;   674; 19526;  5405;     1;     2;  -122;  -122;  -7.8; drag-lps8-08; 6; 7; 125000; 10149
2023-03-27 08:28:26; hka-aqm-a108;  20.27;  36.12;   458;   666; 27982;  7858;     0;     2;  -126;  -126;  -8.0; drag-lps8-08; 7; 7; 125000; 10150
2023-03-27 08:28:46; hka-aqm-a108;  20.32;  36.12;   458;   662; 28531;  7992;     1;     2;  -123;  -123;  -5.0; drag-lps8-08; 0; 7; 125000; 10151
2023-03-27 08:29:27; hka-aqm-a108;  20.29;  35.92;   459;   656; 29570;  8217;     2;     2;  -124;  -124;  -4.8; drag-outd-01; 2; 7; 125000; 10153
2023-03-27 08:29:47; hka-aqm-a108;  20.32;  35.92;   460;   660; 29996;  8306;     2;     2;  -124;  -124;  -6.2; drag-lps8-08; 5; 7; 125000; 10154
2023-03-27 08:30:08; hka-aqm-a108;  20.40;  36.22;   461;   663; 30632;  8439;     1;     3;  -128;  -128;  -8.0; drag-outd-01; 4; 7; 125000; 10155
2023-03-27 08:30:46; hka-aqm-a108;  20.40;  35.99;   467;   665; 27502;  7555;     1;     3;  -126;  -126;  -6.8; drag-outd-01; 7; 7; 125000; 10156
2023-03-27 08:31:26; hka-aqm-a108;  20.36;  36.09;   471;   666; 27588;  7565;     1;     2;  -124;  -124;  -5.5; drag-outd-01; 4; 7; 125000; 10157
2023-03-27 08:31:48; hka-aqm-a108;  20.43;  35.86;   470;   669; 31578;  8611;     1;     2;  -120;  -120;  -6.2; drag-lps8-08; 2; 7; 125000; 10158
2023-03-27 08:32:26; hka-aqm-a108;  20.44;  35.66;   473;   672; 29378;  8019;     1;     2;  -124;  -124;  -4.5; drag-outd-01; 3; 7; 125000; 10159
2023-03-27 08:33:06; hka-aqm-a108;  20.44;  35.52;   476;   673; 30081;  8198;     1;     1;  -125;  -125;  -5.8; drag-lps8-02; 0; 7; 125000; 10160
2023-03-27 08:33:27; hka-aqm-a108;  20.48;  35.59;   474;   676; 31150;  8464;     2;     1;  -119;  -119;  -1.8; drag-outd-01; 6; 7; 125000; 10161
2023-03-27 08:33:47; hka-aqm-a108;  20.44;  35.49;   473;   677; 31664;  8574;     2;     1;  -120;  -120;  -6.5; drag-lps8-08; 1; 7; 125000; 10162
2023-03-27 08:34:09; hka-aqm-a108;  20.50;  35.46;   472;   678; 31599;  8544;     1;     1;  -125;  -125;  -7.8; drag-lps8-02; 5; 7; 125000; 10163
2023-03-27 08:34:48; hka-aqm-a108;  20.57;  35.39;   475;   681; 31276;  8452;     2;     1;  -123;  -123;  -5.0; drag-lps8-08; 0; 7; 125000; 10164
2023-03-27 08:35:08; hka-aqm-a108;  20.56;  35.42;   473;   684; 31045;  8390;     2;     1;  -125;  -125;  -7.2; drag-lps8-08; 7; 7; 125000; 10165
2023-03-27 08:35:28; hka-aqm-a108;  20.63;  35.46;   472;   686; 30891;  8343;     2;     1;  -123;  -123;  -4.2; drag-outd-01; 6; 7; 125000; 10166
2023-03-27 08:35:47; hka-aqm-a108;  20.70;  35.39;   471;   700; 29518;  7931;     2;     1;  -118;  -118;  -5.2; drag-lps8-08; 1; 7; 125000; 10167
2023-03-27 08:36:07; hka-aqm-a108;  20.70;  35.16;   471;   714; 21100;  5582;     2;     1;  -124;  -124;  -3.8; drag-outd-01; 3; 7; 125000; 10168
2023-03-27 08:36:27; hka-aqm-a108;  20.69;  35.16;   471;   718; 22448;  5943;     1;     2;  -125;  -125;  -5.8; drag-outd-01; 4; 7; 125000; 10169
2023-03-27 08:37:07; hka-aqm-a108;  20.73;  35.06;   471;   725;  8312;  2077;     1;     2;  -119;  -119;  -6.2; drag-lps8-08; 2; 7; 125000; 10171
2023-03-27 08:37:27; hka-aqm-a108;  20.78;  35.12;   471;   727; 20589;  5443;     1;     2;  -124;  -124;  -6.5; drag-lps8-02; 0; 7; 125000; 10172
2023-03-27 08:37:49; hka-aqm-a108;  20.80;  35.02;   471;   728; 29692;  7976;     2;     2;  -125;  -125;  -7.2; drag-lps8-08; 5; 7; 125000; 10173
2023-03-27 08:38:47; hka-aqm-a108;  20.85;  34.92;   471;   741; 30061;  8049;     2;     2;  -126;  -126;  -7.8; drag-lps8-08; 7; 7; 125000; 10175
2023-03-27 08:39:07; hka-aqm-a108;  20.86;  34.89;   471;   744; 29866;  7989;     1;     2;  -122;  -122;  -5.5; drag-outd-01; 2; 7; 125000; 10176
2023-03-27 08:39:46; hka-aqm-a108;  20.97;  34.66;   476;   788; 30185;  8064;     1;     3;  -121;  -121;  -7.0; drag-lps8-08; 1; 7; 125000; 10177
2023-03-27 08:41:28; hka-aqm-a108;  21.08;  34.62;   484;   769; 28068;  7427;     1;     3;  -124;  -124;  -8.5; drag-lps8-08; 4; 7; 125000; 10180
2023-03-27 08:41:55; hka-aqm-a108;  21.06;  34.49;   483;   778; 28531;  7550;     0;     3;  -124;  -124;  -7.0; drag-lps8-02; 7; 7; 125000; 10182
2023-03-27 08:42:46; hka-aqm-a108;  21.14;  34.46;   491;   776; 15338;  3958;     2;     4;  -121;  -121;  -6.0; drag-lps8-08; 2; 7; 125000; 10183
2023-03-27 08:43:08; hka-aqm-a108;  21.08;  34.49;   488;   774; 11907;  3007;     2;     3;  -125;  -125;  -5.8; drag-lps8-08; 0; 7; 125000; 10184
2023-03-27 08:44:07; hka-aqm-a108;  21.02;  34.46;   494;   777;  7761;  1906;     2;     3;  -126;  -126;  -7.0; drag-lps8-08; 0; 7; 125000; 10185
2023-03-27 08:44:34; hka-aqm-a108;  21.05;  34.36;   490;   777; 10970;  2763;     1;     3;  -120;  -120;  -6.2; drag-lps8-08; 1; 7; 125000; 10186
2023-03-27 08:44:47; hka-aqm-a108;  21.06;  34.26;   487;   779; 14694;  3756;     1;     3;  -120;  -120;  -8.0; drag-lps8-02; 6; 7; 125000; 10187
2023-03-27 08:45:08; hka-aqm-a108;  21.04;  34.06;   485;   781;  9690;  2426;     1;     4;  -120;  -120;  -4.8; drag-lps8-02; 5; 7; 125000; 10188
2023-03-27 08:45:29; hka-aqm-a108;  21.04;  34.12;   484;   790;  7851;  1955;     3;     4;  -122;  -122;  -8.8; drag-lps8-02; 6; 7; 125000; 10190
2023-03-27 08:45:49; hka-aqm-a108;  21.10;  34.02;   484;   794;  7044;  1770;     3;     3;  -125;  -125;  -7.2; drag-outd-01; 2; 7; 125000; 10191
2023-03-27 08:46:08; hka-aqm-a108;  21.11;  34.26;   484;   798; 17149;  4428;     0;     3;  -122;  -122;  -8.0; drag-lps8-08; 1; 7; 125000; 10192
2023-03-27 08:46:29; hka-aqm-a108;  21.08;  34.19;   484;   800; 14142;  3636;     1;     3;  -123;  -123;  -8.0; drag-lps8-02; 7; 7; 125000; 10193
2023-03-27 08:47:27; hka-aqm-a108;  21.13;  33.89;   489;   853; 16044;  4139;     1;     3;  -128;  -128;  -7.5; drag-outd-01; 3; 7; 125000; 10195
2023-03-27 08:48:07; hka-aqm-a108;  21.15;  33.99;   489;   799; 15933;  4124;     1;     2;  -124;  -124;  -7.2; drag-lps8-08; 5; 7; 125000; 10197
2023-03-27 08:48:48; hka-aqm-a108;  21.16;  33.92;   494;   801; 19891;  5214;     2;     2;  -125;  -125;  -8.2; drag-lps8-08; 7; 7; 125000; 10198
2023-03-27 08:49:09; hka-aqm-a108;  21.20;  33.99;   493;   804; 11766;  3007;     2;     2;  -125;  -125;  -8.0; drag-lps8-07; 4; 7; 125000; 10199
2023-03-27 08:49:28; hka-aqm-a108;  21.16;  34.12;   492;   808; 13628;  3492;     2;     2;  -124;  -124;  -7.8; drag-lps8-02; 0; 7; 125000; 10200
2023-03-27 08:50:06; hka-aqm-a108;  21.24;  34.06;   496;   809; 10303;  2612;     2;     2;  -128;  -128;  -8.5; drag-outd-01; 2; 7; 125000; 10201
2023-03-27 08:50:28; hka-aqm-a108;  21.14;  33.86;   494;   813; 10243;  2609;     2;     2;  -120;  -120;  -2.8; drag-outd-01; 3; 7; 125000; 10203
2023-03-27 08:51:13; hka-aqm-a108;  21.10;  33.72;   497;   815;  9840;  2517;     2;     3;  -126;  -126;  -6.8; drag-outd-01; 3; 7; 125000; 10204
2023-03-27 08:51:47; hka-aqm-a108;  21.28;  34.12;   499;   815; 13270;  3425;     1;     2;  -122;  -122;  -3.5; drag-outd-01; 2; 7; 125000; 10205
2023-03-27 08:52:08; hka-aqm-a108;  21.28;  34.06;   496;   828; 11817;  3028;     1;     2;  -126;  -126;  -7.2; drag-outd-01; 4; 7; 125000; 10206
2023-03-27 08:52:28; hka-aqm-a108;  21.24;  33.76;   494;   825; 10856;  2775;     1;     2;  -126;  -126;  -7.0; drag-outd-01; 0; 7; 125000; 10207
2023-03-27 08:52:48; hka-aqm-a108;  21.21;  33.72;   493;   825; 11290;  2898;     1;     2;  -123;  -123;  -8.2; drag-lps8-08; 1; 7; 125000; 10208
2023-03-27 08:53:07; hka-aqm-a108;  21.23;  33.45;   492;   827; 12812;  3308;     1;     2;  -127;  -127;  -6.8; drag-outd-01; 2; 7; 125000; 10210
2023-03-27 08:53:28; hka-aqm-a108;  21.22;  33.62;   492;   827; 12091;  3118;     2;     3;  -125;  -125;  -7.2; drag-lps8-08; 7; 7; 125000; 10211
2023-03-27 08:54:07; hka-aqm-a108;  21.25;  33.52;   495;   834;  7448;  1856;     1;     4;  -122;  -122;  -7.5; drag-lps8-08; 1; 7; 125000; 10213
2023-03-27 08:54:48; hka-aqm-a108;  21.25;  33.76;   496;   842; 15279;  4002;     1;     3;  -124;  -124;  -8.5; drag-lps8-08; 6; 7; 125000; 10215
2023-03-27 08:55:07; hka-aqm-a108;  21.26;  33.39;   496;   842; 12473;  3263;     1;     3;  -126;  -126;  -7.0; drag-lps8-08; 0; 7; 125000; 10216
2023-03-27 08:55:29; hka-aqm-a108;  21.32;  33.52;   496;   841; 17674;  4686;     1;     3;  -124;  -124;  -8.5; drag-lps8-08; 1; 7; 125000; 10217
2023-03-27 08:55:48; hka-aqm-a108;  21.36;  33.92;   496;   843; 17495;  4645;     1;     3;  -122;  -122;  -5.2; drag-outd-01; 2; 7; 125000; 10218
2023-03-27 08:56:27; hka-aqm-a108;  21.46;  33.76;   496;   846; 17554;  4686;     1;     3;  -122;  -122;  -7.5; drag-lps8-02; 7; 7; 125000; 10220
2023-03-27 08:56:48; hka-aqm-a108;  21.48;  33.25;   496;   851; 17185;  4593;     3;     4;  -123;  -123;  -3.8; drag-outd-01; 3; 7; 125000; 10221
2023-03-27 08:57:07; hka-aqm-a108;  21.46;  33.02;   497;   777; 15893;  4236;     3;     4;  -123;  -123;  -5.2; drag-outd-01; 5; 7; 125000; 10222
2023-03-27 08:58:06; hka-aqm-a108;  21.54;  33.12;   501;   824; 13937;  3683;     0;     4;  -124;  -124;  -7.5; drag-lps8-02; 5; 7; 125000; 10226
2023-03-27 08:58:26; hka-aqm-a108;  21.55;  33.42;   501;   835; 11184;  2934;     0;     4;  -122;  -122;  -6.5; drag-lps8-08; 2; 7; 125000; 10227
2023-03-27 08:58:46; hka-aqm-a108;  21.54;  33.42;   501;   845; 11853;  3116;     1;     4;  -123;  -123;  -5.0; drag-lps8-08; 0; 7; 125000; 10228
2023-03-27 08:59:06; hka-aqm-a108;  21.58;  33.45;   501;   857; 14172;  3762;     1;     4;  -124;  -124;  -6.5; drag-lps8-08; 0; 7; 125000; 10229
2023-03-27 08:59:28; hka-aqm-a108;  21.55;  33.35;   501;   855;  3755;   939;     1;     4;  -123;  -123; -10.0; drag-lps8-02; 6; 7; 125000; 10230
2023-03-27 09:00:21; hka-aqm-a108;  21.47;  33.59;   501;   859;  2422;   614;     2;     4;  -121;  -121;  -6.8; drag-lps8-08; 1; 7; 125000; 10232
2023-03-27 09:01:07; hka-aqm-a108;  21.46;  33.49;   501;   859;  2388;   603;     1;     4;  -124;  -124;  -6.2; drag-lps8-08; 0; 7; 125000; 10233
2023-03-27 09:01:47; hka-aqm-a108;  21.50;  33.52;   501;   862;  2918;   736;     1;     4;  -123;  -123;  -8.2; drag-lps8-08; 1; 7; 125000; 10234
2023-03-27 09:02:27; hka-aqm-a108;  21.46;  33.52;   502;   862;  1930;   487;     1;     4;  -122;  -122;  -8.5; drag-lps8-02; 6; 7; 125000; 10235
2023-03-27 09:03:27; hka-aqm-a108;  21.48;  33.72;   505;   863;  1827;   459;     1;     4;  -121;  -121;  -6.0; drag-lps8-08; 2; 7; 125000; 10236
2023-03-27 09:04:07; hka-aqm-a108;  21.40;  33.66;   505;   866;  1860;   466;     1;     4;  -124;  -124;  -6.0; drag-lps8-08; 7; 7; 125000; 10238
2023-03-27 09:04:27; hka-aqm-a108;  21.48;  33.72;   505;   866;  1966;   493;     1;     4;  -124;  -124;  -5.8; drag-lps8-08; 0; 7; 125000; 10239
2023-03-27 09:04:48; hka-aqm-a108;  21.50;  33.55;   504;   866;  2236;   568;     3;     4;  -128;  -128;  -8.8; drag-outd-01; 6; 7; 125000; 10240
2023-03-27 09:05:26; hka-aqm-a108;  21.50;  33.66;   508;   914;  2102;   530;     3;     4;  -124;  -124;  -5.2; drag-lps8-08; 0; 7; 125000; 10241
2023-03-27 09:05:48; hka-aqm-a108;  21.37;  33.32;   506;   892;  2344;   591;     2;     4;  -122;  -122;  -8.2; drag-lps8-02; 6; 7; 125000; 10242
2023-03-27 09:06:26; hka-aqm-a108;  21.36;  33.45;   509;   881;  3379;   888;     2;     4;  -122;  -122;  -7.0; drag-lps8-08; 2; 7; 125000; 10243
2023-03-27 09:06:46; hka-aqm-a108;  21.46;  33.66;   508;   894;  2530;   645;     1;     4;  -123;  -123;  -8.0; drag-lps8-08; 4; 7; 125000; 10245
2023-03-27 09:07:28; hka-aqm-a108;  21.42;  33.52;   507;   884;  6169;  1846;     1;     7;  -125;  -125;  -6.8; drag-lps8-08; 5; 7; 125000; 10247
2023-03-27 09:07:47; hka-aqm-a108;  21.47;  33.39;   507;   880;  4833;  1407;     1;     7;  -120;  -120;  -5.5; drag-lps8-08; 2; 7; 125000; 10248
2023-03-27 09:08:07; hka-aqm-a108;  21.46;  33.39;   507;   877;  2509;   663;     2;     7;  -125;  -125;  -7.8; drag-lps8-08; 7; 7; 125000; 10249
2023-03-27 09:08:29; hka-aqm-a108;  21.46;  33.52;   508;   876;  2006;   513;     2;     7;  -122;  -122;  -7.5; drag-lps8-08; 1; 7; 125000; 10250
2023-03-27 09:08:47; hka-aqm-a108;  21.40;  33.59;   508;   875;  2133;   552;     1;     7;  -124;  -124;  -5.0; drag-outd-01; 4; 7; 125000; 10251
2023-03-27 09:09:08; hka-aqm-a108;  21.44;  33.45;   508;   874;  2731;   743;     1;     7;  -126;  -126;  -6.5; drag-outd-01; 0; 7; 125000; 10252
2023-03-27 09:09:28; hka-aqm-a108;  21.43;  33.66;   508;   870;  2427;   635;     1;     8;  -126;  -126;  -6.5; drag-outd-01; 6; 7; 125000; 10253
2023-03-27 09:09:48; hka-aqm-a108;  21.40;  33.59;   507;   921;  3290;   911;     1;     8;  -124;  -124;  -4.5; drag-outd-01; 2; 7; 125000; 10254
2023-03-27 09:10:08; hka-aqm-a108;  21.40;  33.39;   507;   901;  2401;   616;     1;     7;  -126;  -126;  -7.5; drag-outd-01; 0; 7; 125000; 10255
2023-03-27 09:11:07; hka-aqm-a108;  21.32;  33.22;   508;   877;  2255;   573;     1;     7;  -121;  -121;  -7.0; drag-lps8-08; 1; 7; 125000; 10256
2023-03-27 09:11:27; hka-aqm-a108;  21.37;  33.45;   508;   874;  2344;   598;     1;     7;  -124;  -124;  -6.5; drag-lps8-08; 4; 7; 125000; 10257
2023-03-27 09:13:07; hka-aqm-a108;  21.47;  33.29;   511;   868;  2237;   568;     2;     3;  -126;  -126;  -7.0; drag-lps8-08; 5; 7; 125000; 10259
2023-03-27 09:13:28; hka-aqm-a108;  21.46;  33.19;   510;   864;  2771;   706;     2;     3;  -124;  -124;  -6.2; drag-outd-01; 3; 7; 125000; 10261
2023-03-27 09:13:48; hka-aqm-a108;  21.46;  33.32;   510;   863;  2716;   691;     1;     3;  -121;  -121;  -6.0; drag-lps8-08; 2; 7; 125000; 10262
2023-03-27 09:14:08; hka-aqm-a108;  21.47;  33.32;   510;   862;  2486;   632;     1;     3;  -122;  -122;  -5.0; drag-lps8-02; 7; 7; 125000; 10263
2023-03-27 09:14:28; hka-aqm-a108;  21.50;  33.29;   510;   874;  2224;   562;     1;     3;  -124;  -124;  -5.8; drag-lps8-08; 5; 7; 125000; 10264
2023-03-27 09:14:55; hka-aqm-a108;  21.49;  33.25;   511;   870;  2109;   533;     1;     4;  -126;  -126;  -7.2; drag-outd-01; 6; 7; 125000; 10265
2023-03-27 09:15:08; hka-aqm-a108;  21.45;  33.25;   511;   869;  2532;   639;     2;     4;  -126;  -126;  -8.2; drag-lps8-08; 7; 7; 125000; 10266
2023-03-27 09:15:27; hka-aqm-a108;  21.48;  33.12;   511;   869;  2620;   663;     2;     4;  -124;  -124;  -8.5; drag-lps8-08; 4; 7; 125000; 10268
2023-03-27 09:15:49; hka-aqm-a108;  21.50;  33.05;   511;   874;  3007;   764;     3;     4;  -123;  -123;  -6.2; drag-lps8-02; 0; 7; 125000; 10270
2023-03-27 09:17:07; hka-aqm-a108;  21.56;  33.12;   515;   872;  2645;   666;     1;     4;  -124;  -124;  -4.5; drag-outd-01; 2; 7; 125000; 10271
2023-03-27 09:17:48; hka-aqm-a108;  21.50;  33.15;   513;   908;  2503;   627;     1;     4;  -124;  -124;  -6.2; drag-lps8-08; 5; 7; 125000; 10272
2023-03-27 09:18:27; hka-aqm-a108;  21.48;  33.32;   513;   884;  2183;   543;     1;     3;  -121;  -121;  -6.0; drag-lps8-02; 7; 7; 125000; 10273
2023-03-27 09:19:27; hka-aqm-a108;  21.51;  33.39;   517;   823;  2211;   554;     1;     3;  -120;  -120;  -5.5; drag-lps8-08; 2; 7; 125000; 10274
2023-03-27 09:20:48; hka-aqm-a108;  21.50;  33.39;   521;   847;  2598;   650;     2;     4;  -124;  -124;  -6.2; drag-lps8-08; 0; 7; 125000; 10276
2023-03-27 09:21:07; hka-aqm-a108;  21.54;  33.29;   518;   856;  2658;   668;     2;     3;  -126;  -126;  -7.2; drag-outd-01; 3; 7; 125000; 10277
2023-03-27 09:21:28; hka-aqm-a108;  21.56;  33.25;   516;   862;  2582;   649;     2;     5;  -121;  -121;  -6.8; drag-lps8-08; 1; 7; 125000; 10278
2023-03-27 09:21:49; hka-aqm-a108;  21.53;  33.19;   515;   864;  2456;   611;     2;     5;  -123;  -123;  -9.0; drag-lps8-02; 1; 7; 125000; 10279
2023-03-27 09:22:27; hka-aqm-a108;  21.55;  33.19;   518;   869;  2523;   622;     1;     3;  -122;  -122;  -4.0; drag-outd-01; 6; 7; 125000; 10280
2023-03-27 09:23:28; hka-aqm-a108;  21.56;  33.25;   519;   873;  2476;   609;     2;     3;  -123;  -123;  -5.0; drag-lps8-02; 0; 7; 125000; 10282
2023-03-27 09:24:28; hka-aqm-a108;  21.58;  33.25;   514;   876;  2387;   591;     2;     3;  -123;  -123;  -6.2; drag-lps8-02; 7; 7; 125000; 10283
2023-03-27 09:24:49; hka-aqm-a108;  21.58;  33.15;   513;   876;  2310;   568;     1;     3;  -121;  -121;  -7.8; drag-outd-01; 1; 7; 125000; 10284
2023-03-27 09:26:27; hka-aqm-a108;  21.70;  33.25;   517;   884;  2142;   520;     1;     5;  -122;  -122;  -7.0; drag-lps8-08; 2; 7; 125000; 10285
2023-03-27 09:27:28; hka-aqm-a108;  21.73;  33.25;   514;   911;  1996;   478;     1;     5;  -122;  -122;  -5.5; drag-lps8-02; 5; 7; 125000; 10286
2023-03-27 09:28:46; hka-aqm-a108;  21.68;  33.22;   518;   894;  1910;   455;     2;     5;  -124;  -124;  -7.5; drag-lps8-08; 4; 7; 125000; 10287
2023-03-27 09:34:28; hka-aqm-a108;  21.90;  33.32;   522;   905;  1718;   404;     2;    11;  -126;  -126;  -6.5; drag-lps8-08; 0; 7; 125000; 10289
2023-03-27 09:34:48; hka-aqm-a108;  21.92;  32.85;   522;   906;  1814;   433;     2;    13;  -126;  -126;  -6.0; drag-outd-01; 6; 7; 125000; 10290
2023-03-27 09:35:48; hka-aqm-a108;  21.88;  33.12;   522;   906;  1630;   379;     1;    14;  -125;  -125;  -7.8; drag-lps8-08; 7; 7; 125000; 10291
2023-03-27 09:36:07; hka-aqm-a108;  21.95;  33.09;   522;   906;  1774;   420;     0;    15;  -125;  -125;  -6.8; drag-outd-01; 2; 7; 125000; 10292
2023-03-27 09:38:48; hka-aqm-a108;  21.95;  33.19;   533;   834;  1652;   384;     2;    18;  -125;  -125;  -6.0; drag-lps8-08; 0; 7; 125000; 10293
2023-03-27 09:40:48; hka-aqm-a108;  21.87;  32.99;   533;   903;  1360;   308;     2;    17;  -126;  -126;  -7.2; drag-outd-01; 6; 7; 125000; 10295
2023-03-27 09:41:07; hka-aqm-a108;  21.89;  33.19;   533;   910;  1212;   269;     1;    16;  -124;  -124;  -8.5; drag-lps8-08; 5; 7; 125000; 10297
2023-03-27 09:41:48; hka-aqm-a108;  21.92;  33.22;   531;   916;  1326;   299;     1;    16;  -116;  -116;  -3.5; drag-outd-01; 1; 7; 125000; 10299
2023-03-27 09:42:27; hka-aqm-a108;  21.95;  33.19;   535;   916;  1538;   355;     1;    16;  -126;  -126;  -8.8; drag-lps8-08; 7; 7; 125000; 10300
2023-03-27 09:43:08; hka-aqm-a108;  21.86;  32.95;   532;   906;  1815;   428;     1;    19;  -123;  -123;  -7.8; drag-lps8-02; 4; 7; 125000; 10302
2023-03-27 09:46:47; hka-aqm-a108;  21.95;  32.92;   526;   880;  1743;   404;     2;    17;  -124;  -124;  -5.0; drag-outd-01; 1; 7; 125000; 10303
2023-03-27 09:51:14; hka-aqm-a108;  21.93;  32.68;   507;   813;  1573;   358;     2;    17;  -120;  -120;  -5.5; drag-lps8-02; 7; 7; 125000; 10304
2023-03-27 09:53:06; hka-aqm-a108;  21.97;  32.72;   523;   810;  1657;   380;     3;    15;  -122;  -122;  -7.8; drag-lps8-02; 6; 7; 125000; 10305
2023-03-27 09:58:26; hka-aqm-a108;  22.08;  32.72;   500;   786;  1323;   291;     2;    12;  -122;  -122;  -8.5; drag-lps8-02; 1; 7; 125000; 10307
2023-03-27 09:59:47; hka-aqm-a108;  22.08;  32.72;   497;   786;   932;   196;     1;     8;  -122;  -122;  -7.5; drag-lps8-02; 1; 7; 125000; 10308
2023-03-27 10:00:28; hka-aqm-a108;  22.11;  32.92;   494;   784;  1536;   348;     2;     7;  -123;  -123;  -8.2; drag-lps8-02; 7; 7; 125000; 10309
2023-03-27 10:13:27; hka-aqm-a108;  22.11;  31.78;   482;   729;  1219;   270;     2;    12;  -125;  -125;  -4.8; drag-outd-01; 0; 7; 125000; 10310
2023-03-27 10:14:08; hka-aqm-a108;  22.10;  31.95;   482;   727;  1423;   324;     1;     9;  -122;  -122;  -8.2; drag-lps8-02; 6; 7; 125000; 10311
2023-03-27 10:14:48; hka-aqm-a108;  22.13;  32.25;   475;   731;  1030;   221;     0;     9;  -122;  -122;  -5.5; drag-outd-01; 2; 7; 125000; 10313
2023-03-27 10:15:28; hka-aqm-a108;  22.12;  31.98;   472;   731;  1327;   298;     1;     9;  -126;  -126;  -7.5; drag-lps8-08; 0; 7; 125000; 10314
2023-03-27 10:15:54; hka-aqm-a108;  22.13;  31.98;   471;   694;  1425;   321;     1;     8;  -122;  -122;  -3.5; drag-outd-01; 0; 7; 125000; 10315
2023-03-27 10:16:08; hka-aqm-a108;  22.09;  32.15;   471;   705;  1349;   302;     1;     8;  -120;  -120;  -7.5; drag-lps8-02; 5; 7; 125000; 10316
2023-03-27 10:18:28; hka-aqm-a108;  22.13;  32.15;   471;   719;  1105;   241;     2;     8;  -121;  -121;  -7.8; drag-lps8-02; 6; 7; 125000; 10317
2023-03-27 10:18:48; hka-aqm-a108;  22.13;  31.84;   471;   719;   848;   175;     2;     8;  -122;  -122;  -4.0; drag-outd-01; 2; 7; 125000; 10318
2023-03-27 10:19:53; hka-aqm-a108;  22.18;  31.64;   474;   720;   983;   211;     2;     9;  -122;  -122;  -5.2; drag-lps8-02; 7; 7; 125000; 10319
2023-03-27 10:20:06; hka-aqm-a108;  22.19;  31.84;   472;   706;  1446;   328;     1;     9;  -125;  -125;  -7.0; drag-lps8-08; 0; 7; 125000; 10320
2023-03-27 10:22:06; hka-aqm-a108;  22.24;  31.84;   470;   674;  1344;   300;     2;    10;  -123;  -123;  -8.8; drag-lps8-02; 4; 7; 125000; 10321
2023-03-27 10:24:47; hka-aqm-a108;  22.20;  31.71;   472;   674;  1234;   276;     2;    14;  -122;  -122;  -2.5; drag-outd-01; 2; 7; 125000; 10322
2023-03-27 10:26:33; hka-aqm-a108;  22.20;  31.58;   471;   714;  1192;   266;     2;    17;  -120;  -120;  -2.5; drag-outd-01; 7; 7; 125000; 10323
2023-03-27 10:26:46; hka-aqm-a108;  22.22;  31.10;   470;   700;  1273;   286;     1;    16;  -122;  -122;  -6.8; drag-lps8-02; 5; 7; 125000; 10324
2023-03-27 10:32:27; hka-aqm-a108;  22.52;  31.17;   506;   747;  1158;   263;     4;    17;  -118;  -118;  -1.2; drag-outd-01; 2; 7; 125000; 10326
2023-03-27 10:32:47; hka-aqm-a108;  22.50;  31.04;   510;   741;  1258;   287;     1;    17;  -123;  -123;  -8.8; drag-lps8-08; 1; 7; 125000; 10327
2023-03-27 10:33:07; hka-aqm-a108;  22.57;  31.47;   514;   737;  1170;   263;     0;    13;  -125;  -125;  -8.0; drag-lps8-08; 5; 7; 125000; 10328
2023-03-27 10:33:27; hka-aqm-a108;  22.52;  31.20;   516;   736;   793;   169;     1;    15;  -119;  -119;  -1.2; drag-outd-01; 2; 7; 125000; 10329
2023-03-27 10:33:47; hka-aqm-a108;  22.51;  30.90;   518;   736;   857;   184;     1;    16;  -122;  -122;  -7.8; drag-lps8-02; 4; 7; 125000; 10330
2023-03-27 10:34:08; hka-aqm-a108;  22.56;  30.60;   520;   817;  1319;   302;     1;    16;  -122;  -122;  -3.5; drag-outd-01; 1; 7; 125000; 10331
2023-03-27 10:36:48; hka-aqm-a108;  22.60;  30.77;   527;   749;   820;   177;     2;    15;  -120;  -120;  -6.0; drag-lps8-02; 5; 7; 125000; 10335
2023-03-27 10:37:07; hka-aqm-a108;  22.65;  30.97;   526;   748;   765;   165;     2;    16;  -121;  -121;  -8.2; drag-lps8-02; 6; 7; 125000; 10336
2023-03-27 10:38:47; hka-aqm-a108;  22.65;  30.77;   534;   778;  1066;   239;     1;    17;  -119;  -119;  -5.2; drag-lps8-02; 7; 7; 125000; 10337
2023-03-27 10:39:07; hka-aqm-a108;  22.70;  30.67;   534;   764;   885;   193;     1;    14;  -121;  -121;  -7.2; drag-lps8-08; 2; 7; 125000; 10338
2023-03-27 10:40:06; hka-aqm-a108;  22.68;  30.83;   542;   758;   780;   166;     2;    15;  -126;  -126;  -5.8; drag-outd-01; 0; 7; 125000; 10339
2023-03-27 10:42:08; hka-aqm-a108;  22.56;  31.24;   539;   764;  1015;   231;     1;    15;  -120;  -120;  -6.5; drag-lps8-08; 1; 7; 125000; 10340
2023-03-27 10:42:46; hka-aqm-a108;  22.50;  31.10;   540;   760;  1073;   242;     1;    12;  -122;  -122;  -4.2; drag-outd-01; 2; 7; 125000; 10341
2023-03-27 10:43:07; hka-aqm-a108;  22.61;  31.61;   536;   755;   659;   140;     1;    11;  -121;  -121;  -8.0; drag-lps8-02; 5; 7; 125000; 10342
2023-03-27 10:53:08; hka-aqm-a108;  22.47;  31.91;   550;   788;   783;   164;     1;    11;  -122;  -122;  -5.2; drag-lps8-02; 7; 7; 125000; 10343
2023-03-27 10:53:27; hka-aqm-a108;  22.52;  32.01;   550;   781;   680;   138;     1;     8;  -125;  -125;  -6.8; drag-lps8-08; 0; 7; 125000; 10344
2023-03-27 10:53:47; hka-aqm-a108;  22.50;  31.24;   551;   776;   584;   115;     1;    10;  -127;  -127;  -7.2; drag-outd-01; 3; 7; 125000; 10345
2023-03-27 10:55:08; hka-aqm-a108;  22.50;  31.44;   560;   766;   709;   146;     2;    10;  -122;  -122;  -7.5; drag-lps8-02; 1; 7; 125000; 10346
2023-03-27 10:58:07; hka-aqm-a108;  22.36;  31.14;   570;   747;   646;   136;     2;    10;  -124;  -124;  -8.5; drag-lps8-08; 4; 7; 125000; 10348
2023-03-27 11:00:48; hka-aqm-a108;  22.40;  31.51;   567;   786;   805;   174;     2;    11;  -125;  -125;  -7.0; drag-outd-01; 6; 7; 125000; 10349
2023-03-27 11:01:28; hka-aqm-a108;  22.40;  31.14;   562;   778;   678;   142;     1;    11;  -124;  -124;  -7.0; drag-lps8-02; 0; 7; 125000; 10351
2023-03-27 11:01:48; hka-aqm-a108;  22.47;  31.24;   560;   778;   587;   121;     0;     8;  -122;  -122;  -7.0; drag-lps8-08; 2; 7; 125000; 10353
2023-03-27 11:03:26; hka-aqm-a108;  22.44;  31.58;   557;   772;   667;   138;     1;    11;  -120;  -120;  -5.5; drag-lps8-02; 4; 7; 125000; 10355
2023-03-27 11:04:48; hka-aqm-a108;  22.35;  31.37;   551;   765;  1009;   222;     2;    11;  -124;  -124;  -5.5; drag-lps8-02; 0; 7; 125000; 10356
2023-03-27 11:05:08; hka-aqm-a108;  22.30;  31.58;   550;   760;   685;   143;     2;    12;  -121;  -121;  -7.0; drag-lps8-08; 1; 7; 125000; 10357
2023-03-27 11:05:34; hka-aqm-a108;  22.38;  31.47;   549;   758;   588;   120;     3;    12;  -118;  -118;  -6.2; drag-lps8-02; 6; 7; 125000; 10358
2023-03-27 11:09:28; hka-aqm-a108;  22.22;  31.14;   537;   727;   692;   148;     3;    13;  -127;  -127;  -8.0; drag-outd-01; 7; 7; 125000; 10359
2023-03-27 11:09:54; hka-aqm-a108;  22.22;  31.37;   535;   732;   640;   134;     1;    13;  -120;  -120;  -4.8; drag-lps8-02; 7; 7; 125000; 10360
2023-03-27 11:10:08; hka-aqm-a108;  22.23;  31.24;   533;   731;   790;   172;     1;    13;  -120;  -120;  -2.0; drag-outd-01; 2; 7; 125000; 10361
2023-03-27 11:10:27; hka-aqm-a108;  22.24;  31.17;   532;   728;   939;   211;     0;    11;  -125;  -125;  -7.8; drag-lps8-08; 4; 7; 125000; 10362
2023-03-27 11:10:48; hka-aqm-a108;  22.21;  31.20;   531;   773;   854;   190;     1;    11;  -120;  -120;  -7.0; drag-lps8-02; 6; 7; 125000; 10364
2023-03-27 11:11:27; hka-aqm-a108;  22.20;  31.04;   531;   729;   589;   125;     1;    11;  -127;  -127;  -7.8; drag-lps8-08; 5; 7; 125000; 10365
2023-03-27 11:11:47; hka-aqm-a108;  22.18;  31.20;   531;   729;   922;   207;     2;    11;  -122;  -122;  -7.8; drag-lps8-02; 1; 7; 125000; 10366
2023-03-27 11:33:26; hka-aqm-a108;  22.22;  30.53;   502;   624;   672;   152;     3;    13;  -122;  -122;  -5.2; drag-lps8-02; 7; 7; 125000; 10368
2023-03-27 11:33:47; hka-aqm-a108;  22.23;  30.56;   499;   628;   743;   169;     1;     2;  -126;  -126;  -7.8; drag-lps8-08; 5; 7; 125000; 10369
2023-03-27 11:48:07; hka-aqm-a108;  22.32;  30.29;   481;   633;   596;   122;     3;     8;  -122;  -122;  -7.8; drag-lps8-02; 6; 7; 125000; 10370
2023-03-27 11:49:07; hka-aqm-a108;  22.27;  30.63;   479;   624;   512;   101;     2;     7;  -128;  -128;  -7.2; drag-outd-01; 0; 7; 125000; 10372
2023-03-27 11:49:28; hka-aqm-a108;  22.23;  30.16;   478;   623;   460;    87;     1;     6;  -121;  -121;  -6.0; drag-lps8-08; 2; 7; 125000; 10373
2023-03-27 11:55:47; hka-aqm-a108;  22.32;  30.09;   479;   612;   682;   148;     2;     8;  -127;  -127;  -7.2; drag-outd-01; 3; 7; 125000; 10374
2023-03-27 11:56:28; hka-aqm-a108;  22.28;  30.16;   476;   616;   507;   105;     1;     7;  -125;  -125;  -7.0; drag-lps8-08; 5; 7; 125000; 10375
2023-03-27 11:58:47; hka-aqm-a108;  22.32;  29.96;   474;   614;   593;   133;     1;     8;  -124;  -124;  -5.2; drag-lps8-08; 0; 7; 125000; 10377
2023-03-27 11:59:27; hka-aqm-a108;  22.28;  29.99;   474;   612;   628;   144;     2;     9;  -119;  -119;  -2.0; drag-outd-01; 1; 7; 125000; 10379
2023-03-27 12:00:07; hka-aqm-a108;  22.28;  30.23;   474;   612;   565;   127;     2;     9;  -122;  -122;  -8.2; drag-lps8-08; 6; 7; 125000; 10380
2023-03-27 12:00:27; hka-aqm-a108;  22.30;  30.23;   474;   611;   513;   115;     2;     9;  -120;  -120;  -5.5; drag-lps8-08; 2; 7; 125000; 10381
2023-03-27 12:01:07; hka-aqm-a108;  22.32;  30.16;   474;   615;   613;   143;     2;     9;  -124;  -124;  -6.8; drag-lps8-08; 7; 7; 125000; 10382
2023-03-27 12:02:47; hka-aqm-a108;  22.26;  29.89;   474;   623;   432;    98;     2;     9;  -123;  -123;  -5.2; drag-outd-01; 6; 7; 125000; 10383
2023-03-27 12:18:09; hka-aqm-a108;  22.09;  29.55;   463;   572;   461;    99;     2;    15;  -128;  -128;  -9.2; drag-outd-01; 0; 7; 125000; 10385
2023-03-27 12:23:07; hka-aqm-a108;  22.06;  29.75;   466;   590;   514;   117;     2;    15;  -124;  -124;  -5.5; drag-outd-01; 1; 7; 125000; 10386
2023-03-27 12:38:13; hka-aqm-a108;  22.00;  29.69;   463;   558;   402;    78;     2;    13;  -122;  -122;  -6.5; drag-lps8-08; 2; 7; 125000; 10387
2023-03-27 12:53:19; hka-aqm-a108;  21.89;  29.55;   459;   588;   463;   102;     2;     9;  -120;  -120;  -4.8; drag-lps8-02; 5; 7; 125000; 10388
2023-03-27 13:08:28; hka-aqm-a108;  21.73;  29.48;   462;   599;   412;    88;     2;    15;  -121;  -121;  -4.2; drag-lps8-02; 7; 7; 125000; 10389
2023-03-27 13:34:33; hka-aqm-a108;  21.89;  29.62;   535;   651;   607;   131;     2;    13;  -120;  -120;  -8.0; drag-lps8-02; 6; 7; 125000; 10391
2023-03-27 13:49:39; hka-aqm-a108;  22.04;  29.62;   557;   683;   622;   130;     1;     4;  -122;  -122;  -7.5; drag-lps8-02; 4; 7; 125000; 10392
2023-03-27 14:04:47; hka-aqm-a108;  22.32;  29.35;   570;   705;   621;   127;     2;    13;  -121;  -121;  -3.2; drag-outd-01; 1; 7; 125000; 10393
2023-03-27 14:19:54; hka-aqm-a108;  22.52;  29.62;   580;   760;   297;    56;     3;    13;  -126;  -126;  -8.5; drag-lps8-08; 5; 7; 125000; 10394
2023-03-27 14:35:00; hka-aqm-a108;  22.30;  29.21;   588;   696;   256;    44;     1;     2;  -122;  -122;  -8.2; drag-lps8-08; 6; 7; 125000; 10395
2023-03-27 14:50:08; hka-aqm-a108;  21.85;  29.65;   539;   626;   387;    75;     3;    13;  -125;  -125;  -5.8; drag-outd-01; 3; 7; 125000; 10396
2023-03-27 15:05:14; hka-aqm-a108;  21.79;  29.79;   508;   607;   581;   116;     3;    13;  -125;  -125;  -7.0; drag-lps8-08; 7; 7; 125000; 10397
2023-03-27 15:18:27; hka-aqm-a108;  22.04;  29.69;   504;   719;   445;    89;     3;    13;  -124;  -124;  -7.0; drag-lps8-02; 4; 7; 125000; 10398
2023-03-27 15:33:33; hka-aqm-a108;  21.88;  29.62;   491;   684;   492;    98;     2;     9;  -124;  -124;  -4.5; drag-lps8-08; 0; 7; 125000; 10399
2023-03-27 15:39:27; hka-aqm-a108;  21.76;  29.69;   496;   703;   335;    68;     2;     9;  -121;  -121;  -7.0; drag-lps8-02; 2; 7; 125000; 10400
2023-03-27 15:43:07; hka-aqm-a108;  21.92;  29.65;   493;   700;   348;    61;     4;     4;  -124;  -124;  -6.2; drag-lps8-02; 0; 7; 125000; 10401
2023-03-27 16:28:27; hka-aqm-a108;  22.31;  30.29;   676;  1043;   191;    31;     3;     8;  -122;  -122;  -4.8; drag-lps8-08; 4; 7; 125000; 10404
2023-03-27 16:43:40; hka-aqm-a108;  22.40;  30.43;   696;  1045;   444;    84;     3;     2;  -120;  -120;  -5.5; drag-lps8-08; 1; 7; 125000; 10406
2023-03-27 16:58:55; hka-aqm-a108;  22.58;  30.36;   713;  1043;   400;    71;     3;     8;  -126;  -126;  -7.5; drag-lps8-08; 5; 7; 125000; 10407
2023-03-27 17:14:08; hka-aqm-a108;  22.54;  30.29;   705;  1043;   264;    44;     3;     8;  -123;  -123;  -6.2; drag-lps8-02; 0; 7; 125000; 10408
2023-03-27 17:29:21; hka-aqm-a108;  22.51;  30.43;   706;  1024;   217;    40;     1;     4;  -122;  -122;  -8.0; drag-lps8-02; 1; 7; 125000; 10409
2023-03-27 17:38:47; hka-aqm-a108;  22.47;  30.56;   709;  1039;   391;    84;     3;     8;  -125;  -125;  -6.8; drag-lps8-08; 5; 7; 125000; 10410
2023-03-27 17:51:47; hka-aqm-a108;  22.64;  30.63;   687;  1037;   275;    40;     2;     3;  -124;  -124;  -5.0; drag-outd-01; 2; 7; 125000; 10411
2023-03-27 18:07:00; hka-aqm-a108;  22.36;  30.63;   676;  1012;   245;    44;     0;     2;  -120;  -120;  -8.0; drag-lps8-08; 1; 7; 125000; 10413
2023-03-27 18:22:07; hka-aqm-a108;  22.09;  30.73;   639;   988;   161;    23;     1;     6;  -122;  -122;  -4.8; drag-lps8-02; 7; 7; 125000; 10414
2023-03-27 18:37:13; hka-aqm-a108;  21.93;  30.87;   611;   964;   152;    21;     1;     6;  -122;  -122;  -8.5; drag-lps8-02; 6; 7; 125000; 10415
2023-03-27 19:07:27; hka-aqm-a108;  21.65;  31.04;   574;   913;    23;     6;     2;     6;  -120;  -120;  -1.2; drag-outd-01; 0; 7; 125000; 10417
2023-03-27 19:22:33; hka-aqm-a108;  21.56;  31.10;   564;   894;    30;     8;     2;     6;  -124;  -124;  -7.0; drag-lps8-08; 5; 7; 125000; 10418
2023-03-27 19:37:40; hka-aqm-a108;  21.46;  31.14;   547;   875;    15;     3;     0;     0;  -124;  -124;  -5.0; drag-outd-01; 2; 7; 125000; 10419
2023-03-27 19:52:48; hka-aqm-a108;  21.36;  31.24;   540;   852;     9;     1;     2;     6;  -124;  -124;  -5.5; drag-outd-01; 6; 7; 125000; 10420
2023-03-27 20:23:00; hka-aqm-a108;  21.20;  31.31;   518;   866;     7;     0;     2;     5;  -125;  -125;  -7.8; drag-lps8-02; 4; 7; 125000; 10422
2023-03-27 20:38:07; hka-aqm-a108;  21.13;  31.37;   510;   774;     7;     1;     2;     6;  -122;  -122;  -6.5; drag-lps8-02; 5; 7; 125000; 10423
2023-03-27 20:53:13; hka-aqm-a108;  21.05;  31.41;   501;   817;     7;     1;     2;     6;  -122;  -122;  -5.5; drag-lps8-02; 0; 7; 125000; 10424
2023-03-27 21:08:27; hka-aqm-a108;  20.98;  31.51;   496;   798;     6;     0;     2;     6;  -122;  -122;  -8.2; drag-lps8-02; 2; 7; 125000; 10426
2023-03-27 21:23:40; hka-aqm-a108;  20.90;  31.58;   490;   776;     6;     0;     1;     0;  -126;  -126;  -7.5; drag-outd-01; 3; 7; 125000; 10427
2023-03-27 21:38:54; hka-aqm-a108;  20.82;  31.64;   482;   773;     9;     3;     3;     6;  -123;  -123;  -8.2; drag-lps8-02; 1; 7; 125000; 10428
2023-03-27 21:54:08; hka-aqm-a108;  20.78;  31.68;   483;   763;     9;     3;     3;     6;  -123;  -123;  -8.0; drag-lps8-02; 5; 7; 125000; 10429
2023-03-27 22:09:21; hka-aqm-a108;  20.74;  31.71;   474;   741;     6;     1;     1;     0;  -122;  -122;  -8.5; drag-lps8-02; 6; 7; 125000; 10430
2023-03-27 22:24:40; hka-aqm-a108;  20.68;  31.78;   470;   756;     6;     0;     1;     0;  -125;  -125;  -7.8; drag-lps8-08; 4; 7; 125000; 10432
2023-03-27 22:39:48; hka-aqm-a108;  20.62;  31.84;   466;   701;     6;     2;     3;     6;  -122;  -122;  -6.8; drag-lps8-08; 1; 7; 125000; 10433
2023-03-27 22:54:54; hka-aqm-a108;  20.57;  31.84;   462;   639;     6;     2;     3;     6;  -124;  -124;  -6.5; drag-lps8-08; 0; 7; 125000; 10434
2023-03-27 23:10:00; hka-aqm-a108;  20.54;  31.88;   472;   705;     6;     0;     1;     0;  -120;  -120;  -8.2; drag-lps8-02; 6; 7; 125000; 10435
2023-03-27 23:25:08; hka-aqm-a108;  20.44;  31.98;   467;   633;     6;     0;     3;     6;  -125;  -125;  -6.2; drag-outd-01; 3; 7; 125000; 10436
2023-03-27 23:40:14; hka-aqm-a108;  20.39;  31.95;   456;   619;     9;     3;     3;     6;  -124;  -124;  -7.0; drag-lps8-08; 5; 7; 125000; 10437
2023-03-27 23:55:20; hka-aqm-a108;  20.36;  31.98;   450;   608;     6;     0;     0;     0;  -121;  -121;  -6.2; drag-lps8-08; 2; 7; 125000; 10438
