# Logfile LoRaWAN TTN/TTS V3 logger version hka-log V 1.1
date_time;device_id;tmp;hum;CO2;VOC;vis;IR;WIFI;BLE;rssi;channel_rssi;snr;gateway;channel_index;spreading_factor;bandwidth;f_cnt
2023-08-02 00:11:58; hka-aqm-a112;  23.98;  47.33;   426;  1094;     7;     0;     3;     1;  -120;  -120;   1.0; drag-lps8-08; 3; 11; 125000; 35108
2023-08-02 00:27:05; hka-aqm-a112;  23.82;  48.00;   431;  1084;     7;     2;     0;     0;  -117;  -117;  -3.0; drag-lps8-02; 5; 11; 125000; 35109
2023-08-02 00:42:13; hka-aqm-a112;  23.78;  48.19;   434;  1098;     7;     0;     2;     0;  -112;  -112;   0.2; drag-outd-01; 1; 11; 125000; 35110
2023-08-02 00:57:20; hka-aqm-a112;  23.80;  48.10;   432;  1145;     7;     0;     3;     1;  -128;  -128;  -9.0; drag-lps8-02; 0; 11; 125000; 35111
2023-08-02 01:12:27; hka-aqm-a112;  23.76;  48.26;   432;  1103;     7;     0;     2;     0;  -116;  -116;  -2.0; drag-outd-01; 7; 11; 125000; 35112
2023-08-02 01:27:34; hka-aqm-a112;  23.62;  48.71;   432;  1091;     8;     1;     0;     0;  -114;  -114;   2.5; drag-lps8-08; 6; 11; 125000; 35113
2023-08-02 01:42:41; hka-aqm-a112;  23.68;  48.61;   434;  1125;     7;     0;     3;     1;  -121;  -121;  -4.0; drag-lps8-02; 2; 11; 125000; 35114
2023-08-02 01:57:48; hka-aqm-a112;  23.63;  48.83;   446;  1080;     7;     2;     2;     0;  -114;  -114;  -5.2; drag-outd-01; 6; 11; 125000; 35115
2023-08-02 02:12:55; hka-aqm-a112;  23.63;  48.77;   434;  1076;     7;     0;     1;     0;  -127;  -127;  -6.8; drag-lps8-02; 7; 11; 125000; 35116
2023-08-02 02:28:02; hka-aqm-a112;  23.56;  48.96;   437;  1094;     7;     0;     3;     1;  -112;  -112;   4.8; drag-lps8-08; 1; 11; 125000; 35117
2023-08-02 02:43:09; hka-aqm-a112;  23.60;  48.96;   435;  1119;    10;     3;     1;     0;  -115;  -115;   1.0; drag-outd-01; 4; 11; 125000; 35118
2023-08-02 02:58:19; hka-aqm-a112;  23.54;  49.03;   442;  1104;     7;     0;     3;     1;  -113;  -113;   2.5; drag-outd-01; 3; 11; 125000; 35119
2023-08-02 03:13:26; hka-aqm-a112;  23.57;  49.03;   437;  1104;     7;     0;     1;     0;  -117;  -117;   3.5; drag-lps8-08; 0; 11; 125000; 35120
2023-08-02 03:28:33; hka-aqm-a112;  23.60;  48.87;   432;  1114;     7;     0;     0;     0;  -112;  -112;  -3.5; drag-outd-01; 5; 11; 125000; 35121
2023-08-02 03:43:40; hka-aqm-a112;  23.59;  49.22;   430;  1134;     7;     0;     3;     1;  -121;  -121;  -3.8; drag-lps8-02; 2; 11; 125000; 35122
2023-08-02 03:58:47; hka-aqm-a112;  23.50;  49.47;   437;   995;     7;     0;     1;     0;  -112;  -112;  -3.8; drag-outd-01; 5; 11; 125000; 35123
2023-08-02 04:13:55; hka-aqm-a112;  23.44;  49.85;   436;  1045;     7;     0;     1;     0;  -115;  -115;  -4.2; drag-outd-01; 6; 11; 125000; 35124
2023-08-02 04:29:02; hka-aqm-a112;  23.48;  49.98;   444;  1053;     7;     2;     3;     1;  -124;  -124;  -5.8; drag-lps8-02; 0; 11; 125000; 35125
2023-08-02 04:44:09; hka-aqm-a112;  23.45;  49.79;   438;  1071;     7;     1;     2;     0;  -122;  -122;  -4.8; drag-lps8-02; 2; 11; 125000; 35126
2023-08-02 04:59:16; hka-aqm-a112;  23.34;  50.05;   436;  1058;     7;     0;     3;     0;  -118;  -118;  -2.8; drag-lps8-02; 4; 11; 125000; 35127
2023-08-02 05:14:24; hka-aqm-a112;  23.29;  50.24;   444;  1041;     7;     0;     1;     0;  -125;  -125;  -5.8; drag-lps8-02; 7; 11; 125000; 35128
2023-08-02 05:29:31; hka-aqm-a112;  23.30;  50.14;   435;  1010;     8;     1;     3;     0;  -117;  -117;  -3.0; drag-lps8-02; 3; 11; 125000; 35129
2023-08-02 05:44:39; hka-aqm-a112;  23.21;  50.65;   431;   900;     8;     1;     3;     1;  -115;  -115;   5.0; drag-lps8-08; 1; 11; 125000; 35130
2023-08-02 05:59:46; hka-aqm-a112;  23.01;  52.52;   429;   901;     8;     1;     1;     0;  -112;  -112;  -0.8; drag-outd-01; 6; 11; 125000; 35131
2023-08-02 06:14:53; hka-aqm-a112;  22.98;  53.59;   432;   903;    15;     4;     1;     0;  -119;  -119;  -4.2; drag-lps8-02; 3; 11; 125000; 35132
2023-08-02 06:30:00; hka-aqm-a112;  22.97;  54.60;   435;  1006;    19;     7;     3;     1;  -117;  -117;  -3.8; drag-outd-01; 5; 11; 125000; 35133
2023-08-02 06:45:07; hka-aqm-a112;  23.17;  55.45;   441;  1075;    71;    12;     0;     0;  -115;  -115;   5.5; drag-outd-01; 0; 11; 125000; 35134
2023-08-02 07:00:14; hka-aqm-a112;  23.34;  55.35;   443;  1156;    77;    15;     2;     0;  -111;  -111;   3.5; drag-outd-01; 7; 11; 125000; 35135
2023-08-02 07:15:21; hka-aqm-a112;  23.41;  55.82;   438;  1132;    32;    12;     3;     1;  -113;  -113;   4.5; drag-lps8-08; 2; 11; 125000; 35136
2023-08-02 07:30:28; hka-aqm-a112;  23.48;  55.51;   438;  1192;    38;    15;     1;     0;  -118;  -118;  -4.0; drag-lps8-02; 4; 11; 125000; 35137
2023-08-02 07:45:35; hka-aqm-a112;  23.49;  55.54;   434;  1209;    48;    20;     1;     0;  -119;  -119;   4.5; drag-outd-01; 1; 11; 125000; 35138
2023-08-02 08:00:44; hka-aqm-a112;  23.36;  56.13;   431;  1179;    40;    16;     0;     0;  -113;  -113;   3.8; drag-lps8-08; 3; 11; 125000; 35139
2023-08-02 08:15:51; hka-aqm-a112;  23.24;  57.29;   433;  1160;    77;    34;     2;     0;  -117;  -117;   4.2; drag-lps8-08; 2; 11; 125000; 35140
2023-08-02 08:30:59; hka-aqm-a112;  23.28;  57.88;   426;  1160;    68;    29;     3;     1;  -110;  -110;   4.5; drag-outd-01; 4; 11; 125000; 35141
2023-08-02 08:46:06; hka-aqm-a112;  23.44;  58.28;   436;  1225;   132;    60;     2;     0;  -114;  -114;   5.0; drag-outd-01; 0; 11; 125000; 35142
2023-08-02 09:01:13; hka-aqm-a112;  23.35;  59.15;   432;  1186;   123;    57;     1;     0;  -126;  -126; -10.5; drag-lps8-02; 6; 11; 125000; 35143
2023-08-02 09:16:20; hka-aqm-a112;  23.21;  60.87;   421;  1029;   117;    52;     3;     2;  -128;  -128; -10.5; drag-lps8-02; 7; 11; 125000; 35144
2023-08-02 09:31:27; hka-aqm-a112;  23.08;  61.92;   418;  1039;   186;    86;     1;     2;  -111;  -111;   4.2; drag-lps8-08; 5; 11; 125000; 35145
2023-08-02 09:45:58; hka-aqm-a112;  23.06;  62.59;   419;   988;   171;    76;     4;     2;  -115;  -115;   5.0; drag-outd-01; 1; 11; 125000; 35146
2023-08-02 10:01:05; hka-aqm-a112;  23.20;  62.81;   416;  1042;   119;    52;     1;     2;  -114;  -114;  -1.8; drag-outd-01; 6; 11; 125000; 35147
2023-08-02 10:16:12; hka-aqm-a112;  23.19;  62.93;   418;  1062;    75;    32;     3;     0;  -113;  -113;   1.0; drag-outd-01; 7; 11; 125000; 35148
2023-08-02 10:31:19; hka-aqm-a112;  23.05;  63.39;   425;  1032;   113;    50;     3;     3;  -123;  -123;  -8.2; drag-lps8-02; 1; 11; 125000; 35149
2023-08-02 10:46:26; hka-aqm-a112;  23.04;  63.93;   422;  1010;   260;   121;     1;     3;  -116;  -116;  -0.5; drag-outd-01; 5; 11; 125000; 35150
2023-08-02 10:52:39; hka-aqm-a112;  23.10;  64.15;   420;   897;   280;   129;     3;     3;  -119;  -119;  -6.2; drag-lps8-02; 4; 11; 125000; 35151
2023-08-02 11:07:46; hka-aqm-a112;  23.22;  64.39;   423;  1012;   178;    62;     2;     5;  -122;  -122;  -7.0; drag-lps8-02; 3; 11; 125000; 35152
2023-08-02 11:22:53; hka-aqm-a112;  23.21;  64.57;   430;   986;   162;    55;     2;    11;  -130;  -130; -11.0; drag-lps8-02; 0; 11; 125000; 35153
2023-08-02 11:38:00; hka-aqm-a112;  23.28;  64.97;   438;   967;   270;   106;     5;    20;  -118;  -118;  -0.8; drag-outd-01; 2; 11; 125000; 35154
2023-08-02 11:53:07; hka-aqm-a112;  23.30;  65.45;   435;   991;   216;    80;     0;    16;  -114;  -114;   3.5; drag-lps8-08; 1; 11; 125000; 35155
2023-08-02 12:08:14; hka-aqm-a112;  23.38;  65.60;   445;   963;   167;    55;     2;    12;  -124;  -124; -10.8; drag-lps8-02; 5; 11; 125000; 35156
2023-08-02 12:23:21; hka-aqm-a112;  23.37;  66.27;   445;  1084;   202;    73;     5;    21;  -114;  -114;   0.8; drag-lps8-08; 3; 11; 125000; 35157
2023-08-02 12:38:28; hka-aqm-a112;  23.51;  66.33;   450;  1080;   245;    94;     2;    12;  -118;  -118;  -0.8; drag-outd-01; 2; 11; 125000; 35158
2023-08-02 12:44:36; hka-aqm-a112;  23.50;  66.15;   457;  1102;   177;    78;     5;    24;  -127;  -127;  -9.2; drag-lps8-02; 0; 11; 125000; 35159
2023-08-02 12:59:43; hka-aqm-a112;  23.47;  66.69;   441;  1087;   137;    61;     1;     3;  -115;  -115;   2.0; drag-lps8-08; 4; 11; 125000; 35160
2023-08-02 13:14:50; hka-aqm-a112;  23.38;  67.20;   437;  1048;   237;    90;     2;     2;  -124;  -124;  -6.5; drag-lps8-02; 7; 11; 125000; 35161
2023-08-02 13:29:58; hka-aqm-a112;  23.52;  67.47;   433;  1078;   232;    86;     3;     5;  -122;  -122;  -1.5; drag-lps8-08; 6; 11; 125000; 35162
2023-08-02 13:45:06; hka-aqm-a112;  23.68;  67.59;   438;  1121;   228;    86;     3;     1;  -124;  -124;  -5.5; drag-lps8-02; 7; 11; 125000; 35163
2023-08-02 13:50:38; hka-aqm-a112;  23.66;  67.68;   437;  1138;   230;   104;     4;     5;  -126;  -126; -11.5; drag-outd-01; 5; 11; 125000; 35164
2023-08-02 14:05:45; hka-aqm-a112;  23.91;  68.04;   455;  1147;   317;   128;     0;     4;  -122;  -122;  -5.0; drag-lps8-02; 0; 11; 125000; 35165
2023-08-02 14:20:52; hka-aqm-a112;  23.94;  68.10;   458;  1217;   268;   104;     2;    13;  -123;  -123;  -8.2; drag-lps8-02; 3; 11; 125000; 35166
2023-08-02 14:35:59; hka-aqm-a112;  23.99;  68.55;   454;  1176;   295;   116;     4;    15;  -119;  -119;  -4.2; drag-lps8-02; 2; 11; 125000; 35167
2023-08-02 14:42:18; hka-aqm-a112;  24.00;  68.88;   455;  1103;   538;   236;     5;    15;  -122;  -122;  -6.8; drag-lps8-02; 6; 11; 125000; 35168
2023-08-02 14:43:49; hka-aqm-a112;  24.06;  68.79;   457;  1145;   575;   255;     3;    14;  -122;  -122;  -7.2; drag-lps8-02; 4; 11; 125000; 35169
2023-08-02 14:45:19; hka-aqm-a112;  24.10;  69.06;   453;  1245;   419;   180;     4;    16;  -120;  -120;  -3.0; drag-lps8-02; 1; 11; 125000; 35170
2023-08-02 14:46:50; hka-aqm-a112;  24.04;  69.03;   452;  1210;   290;   115;     5;    15;  -127;  -127;  -7.8; drag-outd-01; 7; 11; 125000; 35171
2023-08-02 15:01:58; hka-aqm-a112;  24.11;  69.03;   456;  1188;   228;    84;     5;    15;  -117;  -117;   2.5; drag-lps8-08; 2; 11; 125000; 35172
2023-08-02 15:14:37; hka-aqm-a112;  24.09;  69.18;   454;  1218;   293;   116;     5;    15;  -118;  -118;  -3.5; drag-outd-01; 4; 11; 125000; 35173
2023-08-02 15:29:44; hka-aqm-a112;  24.19;  68.73;   451;  1187;   273;   106;     0;    11;  -122;  -122;  -7.5; drag-lps8-02; 5; 11; 125000; 35174
2023-08-02 15:44:51; hka-aqm-a112;  24.25;  68.94;   448;  1206;   281;   111;     5;     9;  -122;  -122;  -2.5; drag-outd-01; 3; 11; 125000; 35175
2023-08-02 15:59:59; hka-aqm-a112;  24.42;  69.03;   464;  1323;   187;    68;     5;    15;  -122;  -122;  -9.0; drag-outd-01; 6; 11; 125000; 35176
2023-08-02 16:15:06; hka-aqm-a112;  24.46;  69.03;   456;  1383;   133;    41;     3;     8;  -113;  -113;   1.8; drag-lps8-08; 1; 11; 125000; 35177
2023-08-02 16:31:44; hka-aqm-a112;  24.46;  68.91;   459;  1382;   183;    66;     2;     7;  -120;  -120;  -4.8; drag-lps8-02; 2; 11; 125000; 35179
2023-08-02 16:46:51; hka-aqm-a112;  24.57;  68.46;   472;  1416;   178;    64;     3;    11;  -119;  -119;   1.8; drag-lps8-08; 4; 11; 125000; 35180
2023-08-02 16:52:17; hka-aqm-a112;  24.62;  68.04;   460;  1485;   585;   267;     5;    15;  -115;  -115;  -1.8; drag-outd-01; 7; 11; 125000; 35181
2023-08-02 16:53:48; hka-aqm-a112;  24.62;  67.95;   460;  1456;   693;   326;     0;     8;  -120;  -120;  -5.2; drag-lps8-02; 5; 11; 125000; 35182
2023-08-02 16:55:18; hka-aqm-a112;  24.65;  68.01;   470;  1530;   298;   118;     1;     8;  -120;  -120;  -5.5; drag-lps8-02; 6; 11; 125000; 35183
2023-08-02 16:58:17; hka-aqm-a112;  24.65;  67.83;   461;  1413;   377;   159;     3;     8;  -120;  -120;  -4.5; drag-lps8-02; 3; 11; 125000; 35184
2023-08-02 16:59:48; hka-aqm-a112;  24.66;  68.10;   461;  1429;   302;   121;     1;     6;  -112;  -112;   1.0; drag-outd-01; 1; 11; 125000; 35185
2023-08-02 17:09:58; hka-aqm-a112;  24.77;  67.92;   465;  1468;   616;   284;     3;     8;  -118;  -118;  -1.0; drag-outd-01; 0; 11; 125000; 35186
2023-08-02 17:11:28; hka-aqm-a112;  24.75;  67.83;   465;  1454;   514;   234;     0;     6;  -121;  -121;  -5.8; drag-lps8-02; 6; 11; 125000; 35187
2023-08-02 17:13:37; hka-aqm-a112;  24.76;  67.86;   456;  1440;   284;   114;     2;     9;  -113;  -113;  -1.2; drag-outd-01; 2; 11; 125000; 35188
2023-08-02 17:15:07; hka-aqm-a112;  24.77;  67.20;   457;  1472;   360;   152;     3;    10;  -122;  -122;  -6.0; drag-lps8-02; 7; 11; 125000; 35189
2023-08-02 17:16:38; hka-aqm-a112;  24.76;  67.59;   459;  1481;   611;   287;     1;    10;  -116;  -116;  -2.2; drag-outd-01; 4; 11; 125000; 35190
2023-08-02 17:18:18; hka-aqm-a112;  24.72;  67.41;   464;  1503;   615;   284;     2;    12;  -116;  -116;  -1.5; drag-outd-01; 0; 11; 125000; 35191
2023-08-02 17:19:49; hka-aqm-a112;  24.76;  67.53;   463;  1407;   350;   146;     2;    12;  -122;  -122;  -1.8; drag-lps8-08; 3; 11; 125000; 35192
2023-08-02 17:21:19; hka-aqm-a112;  24.74;  67.65;   465;  1362;   233;    88;     2;    10;  -117;  -117;  -3.8; drag-outd-01; 1; 11; 125000; 35193
2023-08-02 17:22:50; hka-aqm-a112;  24.81;  67.38;   463;  1492;   377;   160;     2;     8;  -120;  -120;  -3.5; drag-lps8-02; 5; 11; 125000; 35194
2023-08-02 17:24:20; hka-aqm-a112;  24.90;  67.35;   463;  1494;   500;   225;     2;     9;  -117;  -117;   2.0; drag-lps8-08; 0; 11; 125000; 35195
2023-08-02 17:25:51; hka-aqm-a112;  24.90;  67.02;   460;  1467;   262;   101;     3;     9;  -124;  -124;  -6.8; drag-lps8-02; 2; 11; 125000; 35196
2023-08-02 17:38:16; hka-aqm-a112;  24.95;  66.81;   452;  1466;   359;   174;     3;     9;  -118;  -118;  -3.8; drag-lps8-02; 4; 11; 125000; 35197
2023-08-02 17:39:46; hka-aqm-a112;  24.89;  66.99;   455;  1474;   219;   101;     2;     1;  -120;  -120;  -6.0; drag-outd-01; 7; 11; 125000; 35198
2023-08-02 17:49:57; hka-aqm-a112;  24.87;  66.93;   441;  1337;   334;   159;     3;     1;  -124;  -124; -12.8; drag-outd-01; 6; 11; 125000; 35199
2023-08-02 17:51:28; hka-aqm-a112;  24.91;  66.75;   438;  1379;   216;    99;     1;     0;  -117;  -117;   1.0; drag-lps8-08; 3; 11; 125000; 35200
2023-08-02 18:06:35; hka-aqm-a112;  24.80;  67.08;   424;  1129;    53;    21;     1;     0;  -114;  -114;   2.0; drag-lps8-08; 1; 11; 125000; 35201
2023-08-02 18:21:43; hka-aqm-a112;  24.57;  68.67;   414;  1140;    40;    14;     1;     0;  -120;  -120;  -0.8; drag-lps8-08; 5; 11; 125000; 35202
2023-08-02 18:36:50; hka-aqm-a112;  24.10;  68.94;   417;  1048;    21;     6;     2;     0;  -115;  -115;  -2.8; drag-outd-01; 2; 11; 125000; 35203
2023-08-02 18:51:58; hka-aqm-a112;  23.86;  67.80;   416;   987;    60;    26;     3;     1;  -124;  -124;  -9.5; drag-lps8-02; 6; 11; 125000; 35204
2023-08-02 19:07:05; hka-aqm-a112;  23.86;  67.71;   419;  1083;    98;    25;     2;     0;  -113;  -113;   2.8; drag-lps8-08; 0; 11; 125000; 35205
2023-08-02 19:22:12; hka-aqm-a112;  23.92;  68.43;   423;  1110;   145;    67;     2;     0;  -121;  -121;  -4.0; drag-lps8-02; 4; 11; 125000; 35206
2023-08-02 19:23:42; hka-aqm-a112;  23.89;  68.58;   425;  1098;   202;    97;     3;     3;  -130;  -130; -10.8; drag-lps8-02; 7; 11; 125000; 35207
2023-08-02 19:38:49; hka-aqm-a112;  23.98;  69.09;   421;  1156;    76;    31;     0;     0;  -123;  -123;  -7.8; drag-lps8-02; 5; 11; 125000; 35208
2023-08-02 19:53:57; hka-aqm-a112;  23.95;  69.30;   425;  1132;    31;     9;     3;     0;  -114;  -114;   0.2; drag-outd-01; 1; 11; 125000; 35209
2023-08-02 20:09:04; hka-aqm-a112;  23.91;  69.39;   426;  1275;    20;     5;     0;     0;  -122;  -122;  -2.0; drag-outd-01; 3; 11; 125000; 35210
2023-08-02 20:24:11; hka-aqm-a112;  23.83;  69.72;   421;  1192;    15;     3;     0;     0;  -114;  -114;  -0.5; drag-outd-01; 1; 11; 125000; 35211
2023-08-02 20:39:18; hka-aqm-a112;  23.80;  70.31;   424;  1226;    43;    22;     3;     0;  -121;  -121;  -4.0; drag-lps8-02; 4; 11; 125000; 35212
2023-08-02 20:54:25; hka-aqm-a112;  23.76;  69.45;   418;  1079;    14;     4;     0;     0;  -126;  -126;  -7.5; drag-lps8-02; 0; 11; 125000; 35213
2023-08-02 21:09:32; hka-aqm-a112;  23.64;  69.30;   419;  1054;     8;     1;     2;     0;  -115;  -115;   1.5; drag-lps8-08; 3; 11; 125000; 35214
2023-08-02 21:24:39; hka-aqm-a112;  23.64;  68.34;   420;  1186;     7;     1;     1;     0;  -122;  -122;  -8.5; drag-lps8-02; 5; 11; 125000; 35215
2023-08-02 21:39:46; hka-aqm-a112;  23.66;  66.99;   426;  1182;     7;     1;     0;     0;  -114;  -114;   4.8; drag-lps8-08; 2; 11; 125000; 35216
2023-08-02 21:54:53; hka-aqm-a112;  23.62;  66.45;   426;  1155;    10;     3;     1;     0;  -118;  -118;  -4.5; drag-outd-01; 7; 11; 125000; 35217
2023-08-02 22:10:00; hka-aqm-a112;  23.48;  65.93;   420;  1168;     9;     3;     3;     0;  -126;  -126;  -8.5; drag-lps8-02; 6; 11; 125000; 35218
2023-08-02 22:25:08; hka-aqm-a112;  23.44;  65.27;   433;  1083;     7;     2;     1;     0;  -114;  -114;   1.5; drag-lps8-08; 1; 11; 125000; 35219
2023-08-02 22:40:15; hka-aqm-a112;  23.37;  65.03;   417;  1094;     7;     0;     1;     0;  -122;  -122;  -2.2; drag-outd-01; 3; 11; 125000; 35220
2023-08-02 22:55:24; hka-aqm-a112;  23.32;  65.66;   428;   992;     7;     0;     1;     0;  -126;  -126;  -9.5; drag-lps8-02; 6; 11; 125000; 35221
2023-08-02 23:10:31; hka-aqm-a112;  23.24;  65.75;   420;  1063;     7;     2;     1;     0;  -116;  -116;  -1.0; drag-outd-01; 2; 11; 125000; 35222
2023-08-02 23:25:38; hka-aqm-a112;  23.26;  65.21;   434;   963;     7;     0;     3;     0;  -115;  -115;   2.2; drag-lps8-08; 7; 11; 125000; 35223
2023-08-02 23:40:45; hka-aqm-a112;  23.22;  63.11;   422;   934;     7;     2;     0;     0;  -116;  -116;  -7.8; drag-outd-01; 5; 11; 125000; 35224
2023-08-02 23:55:52; hka-aqm-a112;  23.18;  61.21;   417;   769;    10;     3;     1;     0;  -117;  -117;   0.8; drag-lps8-08; 4; 11; 125000; 35225
