# Logfile LoRaWAN TTN/TTS V3 logger version hka-log V 1.1
date_time;device_id;tmp;hum;CO2;VOC;vis;IR;WIFI;BLE;rssi;channel_rssi;snr;gateway;channel_index;spreading_factor;bandwidth;f_cnt
2023-05-25 00:00:06; hka-aqm-a112;  23.91;  29.55;   438;  1006;     7;     0;     3;     5;  -126;  -126;  -9.2; drag-lps8-02; 7; 10; 125000; 22826
2023-05-25 00:15:12; hka-aqm-a112;  23.86;  29.75;   431;   992;     7;     0;     3;     5;  -119;  -119;  -2.2; drag-lps8-08; 5; 10; 125000; 22827
2023-05-25 00:30:19; hka-aqm-a112;  23.83;  29.92;   434;  1014;     7;     2;     0;     0;  -118;  -118;  -0.5; drag-outd-01; 1; 10; 125000; 22828
2023-05-25 00:45:26; hka-aqm-a112;  23.80;  30.16;   439;  1032;     7;     0;     3;     5;  -123;  -123;  -5.0; drag-lps8-08; 4; 10; 125000; 22829
2023-05-25 01:00:32; hka-aqm-a112;  23.73;  30.36;   434;  1026;     7;     1;     3;     5;  -122;  -122;  -2.5; drag-outd-01; 0; 10; 125000; 22830
2023-05-25 01:15:39; hka-aqm-a112;  23.76;  30.43;   436;  1039;     7;     0;     2;     0;  -117;  -117;  -2.0; drag-lps8-08; 5; 10; 125000; 22831
2023-05-25 01:30:46; hka-aqm-a112;  23.71;  30.50;   433;  1033;     7;     0;     3;     5;  -124;  -124; -13.2; drag-lps8-02; 3; 10; 125000; 22832
2023-05-25 01:45:52; hka-aqm-a112;  23.64;  30.50;   446;   948;     7;     0;     3;     5;  -114;  -114;  -0.2; drag-lps8-08; 2; 10; 125000; 22833
2023-05-25 02:00:59; hka-aqm-a112;  23.54;  30.70;   439;   954;     9;     2;     1;     0;  -123;  -123;  -2.8; drag-outd-01; 6; 10; 125000; 22834
2023-05-25 02:16:06; hka-aqm-a112;  23.42;  30.83;   440;   931;     7;     0;     3;     5;  -114;  -114;  -0.5; drag-outd-01; 1; 10; 125000; 22835
2023-05-25 02:31:12; hka-aqm-a112;  23.34;  31.17;   437;   903;     7;     0;     3;     5;  -126;  -126;  -8.8; drag-lps8-02; 7; 10; 125000; 22836
2023-05-25 02:46:19; hka-aqm-a112;  23.36;  31.20;   439;   890;    10;     3;     3;     0;  -126;  -126;  -7.5; drag-lps8-08; 3; 10; 125000; 22837
2023-05-25 03:01:26; hka-aqm-a112;  23.30;  31.37;   441;   891;     7;     0;     3;     5;  -122;  -122;  -9.8; drag-lps8-02; 6; 10; 125000; 22838
2023-05-25 03:16:32; hka-aqm-a112;  23.25;  31.51;   448;   918;     7;     0;     3;     5;  -119;  -119;  -1.8; drag-outd-01; 0; 10; 125000; 22839
2023-05-25 03:31:39; hka-aqm-a112;  23.23;  31.51;   446;   906;     7;     0;     1;     0;  -128;  -128;  -8.5; drag-outd-01; 5; 10; 125000; 22840
2023-05-25 03:46:46; hka-aqm-a112;  23.20;  31.64;   440;   900;     7;     1;     3;     5;  -119;  -119;  -2.2; drag-outd-01; 1; 10; 125000; 22841
2023-05-25 04:01:52; hka-aqm-a112;  23.18;  31.61;   445;   883;     7;     0;     3;     5;  -124;  -124;  -9.0; drag-lps8-02; 7; 10; 125000; 22842
2023-05-25 04:16:59; hka-aqm-a112;  23.16;  31.64;   446;   887;     7;     0;     2;     0;  -120;  -120;  -2.5; drag-outd-01; 4; 10; 125000; 22843
2023-05-25 04:32:05; hka-aqm-a112;  22.98;  31.84;   444;   869;     7;     2;     3;     5;  -115;  -115; nan; drag-outd-01; 2; 10; 125000; 22844
2023-05-25 04:47:12; hka-aqm-a112;  23.01;  31.78;   444;   853;     7;     1;     3;     5;  -117;  -117;  -1.8; drag-lps8-08; 6; 10; 125000; 22845
2023-05-25 05:02:19; hka-aqm-a112;  23.07;  31.71;   444;   867;     7;     1;     1;     0;  -122;  -122;  -7.8; drag-lps8-02; 4; 10; 125000; 22846
2023-05-25 05:17:25; hka-aqm-a112;  23.07;  31.78;   443;   872;     9;     2;     3;     5;  -120;  -120;  -1.5; drag-outd-01; 0; 10; 125000; 22847
2023-05-25 05:32:32; hka-aqm-a112;  23.11;  31.78;   441;   885;    15;     4;     3;     5;  -114;  -114;   0.5; drag-lps8-08; 1; 10; 125000; 22848
2023-05-25 05:47:38; hka-aqm-a112;  23.01;  31.98;   448;   845;    24;     9;     1;     0;  -113;  -113;   0.8; drag-lps8-08; 2; 10; 125000; 22849
2023-05-25 06:02:45; hka-aqm-a112;  23.00;  32.15;   446;   914;    42;    18;     3;     5;  -121;  -121;  -6.8; drag-lps8-02; 5; 10; 125000; 22850
2023-05-25 06:17:52; hka-aqm-a112;  23.02;  32.18;   444;   917;    60;    28;     3;     5;  -127;  -127;  -9.8; drag-lps8-02; 7; 10; 125000; 22851
2023-05-25 06:32:58; hka-aqm-a112;  23.24;  32.25;   448;   945;   125;    41;     0;     0;  -127;  -127;  -7.8; drag-lps8-08; 3; 10; 125000; 22852
2023-05-25 06:48:05; hka-aqm-a112;  22.83;  33.82;   432;   760;   142;    50;     3;     5;  -125;  -125;  -7.8; drag-outd-01; 5; 10; 125000; 22853
2023-05-25 07:03:12; hka-aqm-a112;  22.62;  33.45;   437;   782;   160;    59;     3;     5;  -117;  -117; nan; drag-outd-01; 2; 10; 125000; 22854
2023-05-25 07:18:18; hka-aqm-a112;  22.58;  33.39;   429;   778;   130;    65;     2;     0;  -118;  -118;  -0.5; drag-outd-01; 0; 10; 125000; 22855
2023-05-25 07:33:25; hka-aqm-a112;  22.53;  33.39;   423;   749;   151;    77;     3;     5;  -119;  -119;  -2.0; drag-lps8-08; 3; 10; 125000; 22856
2023-05-25 07:48:31; hka-aqm-a112;  22.62;  33.19;   425;   768;   176;    91;     3;     5;  -112;  -112;  -0.5; drag-lps8-08; 6; 10; 125000; 22857
2023-05-25 08:03:38; hka-aqm-a112;  22.59;  33.05;   417;   747;   189;    97;     3;     0;  -115;  -115;   1.0; drag-outd-01; 4; 10; 125000; 22858
2023-05-25 08:18:45; hka-aqm-a112;  22.28;  33.25;   415;   657;   262;   117;     3;     5;  -114;  -114;  -1.2; drag-lps8-08; 7; 10; 125000; 22859
2023-05-25 08:33:51; hka-aqm-a112;  22.23;  33.39;   426;   637;   291;   130;     3;     5;  -112;  -112;   0.8; drag-lps8-08; 1; 10; 125000; 22860
2023-05-25 08:48:58; hka-aqm-a112;  22.18;  33.52;   413;   676;   272;   141;     1;     0;  -128;  -128; -10.8; drag-lps8-02; 5; 10; 125000; 22861
2023-05-25 09:04:05; hka-aqm-a112;  22.18;  33.99;   411;   719;   349;   160;     3;     5;  -117;  -117;  -1.0; drag-lps8-08; 7; 10; 125000; 22862
2023-05-25 09:19:12; hka-aqm-a112;  22.16;  34.39;   414;   701;   330;   169;     3;     5;  -121;  -121;  -5.8; drag-lps8-08; 3; 10; 125000; 22863
2023-05-25 09:34:18; hka-aqm-a112;  22.22;  34.59;   413;   753;   399;   187;     2;     8;  -124;  -124; -12.2; drag-lps8-02; 6; 10; 125000; 22864
2023-05-25 09:49:25; hka-aqm-a112;  22.36;  34.72;   408;   770;   436;   204;     4;     7;  -120;  -120;  -4.8; drag-lps8-08; 0; 10; 125000; 22865
2023-05-25 10:04:32; hka-aqm-a112;  22.66;  34.86;   407;   747;   468;   220;     4;    10;  -113;  -113;  -2.2; drag-lps8-08; 2; 10; 125000; 22866
2023-05-25 10:19:38; hka-aqm-a112;  22.76;  34.99;   422;   820;   510;   241;     0;     6;  -126;  -126; -11.8; drag-lps8-08; 4; 10; 125000; 22867
2023-05-25 10:30:44; hka-aqm-a112;  22.84;  34.79;   418;   857;   459;   211;     4;    10;  -114;  -114;   0.8; drag-outd-01; 1; 10; 125000; 22868
2023-05-25 10:31:25; hka-aqm-a112;  22.82;  34.89;   418;   879;   538;   255;     1;     7;  -115;  -115;   1.0; drag-outd-01; 0; 10; 125000; 22869
2023-05-25 10:32:06; hka-aqm-a112;  22.84;  34.86;   421;   865;   472;   218;     1;     7;  -130;  -130; -16.5; drag-lps8-02; 2; 10; 125000; 22870
2023-05-25 10:32:48; hka-aqm-a112;  22.91;  34.82;   423;   870;   534;   253;     0;     8;  -112;  -112;   3.5; drag-outd-01; 1; 10; 125000; 22871
2023-05-25 10:34:24; hka-aqm-a112;  22.94;  34.72;   420;   845;   444;   203;     2;     8;  -119;  -119;  -0.8; drag-outd-01; 7; 10; 125000; 22872
2023-05-25 10:35:05; hka-aqm-a112;  22.96;  34.79;   420;   847;   513;   243;     1;     9;  -116;  -116;  -3.5; drag-lps8-08; 5; 10; 125000; 22873
2023-05-25 10:35:46; hka-aqm-a112;  22.97;  34.86;   420;   854;   394;   175;     1;    10;  -124;  -124; -14.8; drag-lps8-02; 3; 10; 125000; 22874
2023-05-25 10:36:44; hka-aqm-a112;  22.96;  34.92;   416;   823;   502;   236;     1;    10;  -115;  -115;  -2.0; drag-lps8-08; 6; 10; 125000; 22875
2023-05-25 10:37:25; hka-aqm-a112;  22.99;  34.92;   416;   802;   588;   284;     1;     9;  -123;  -123;  -9.0; drag-lps8-02; 4; 10; 125000; 22876
2023-05-25 10:42:23; hka-aqm-a112;  22.89;  35.12;   434;   810;   528;   248;     2;     8;  -124;  -124;  -9.5; drag-lps8-02; 5; 10; 125000; 22877
2023-05-25 10:57:29; hka-aqm-a112;  23.13;  35.09;   436;   830;   603;   288;     2;     9;  -116;  -116;  -1.5; drag-lps8-08; 3; 10; 125000; 22878
2023-05-25 11:12:36; hka-aqm-a112;  23.39;  35.39;   430;   819;   634;   303;     2;     4;  -127;  -127; -16.2; drag-lps8-02; 6; 10; 125000; 22879
2023-05-25 11:27:45; hka-aqm-a112;  23.52;  35.66;   428;   722;   673;   323;     3;    10;  -124;  -124; -12.0; drag-lps8-02; 4; 10; 125000; 22880
2023-05-25 11:42:51; hka-aqm-a112;  23.49;  35.92;   429;   708;   704;   340;     3;    10;  -119;  -119;  -4.0; drag-lps8-08; 0; 10; 125000; 22881
2023-05-25 11:57:58; hka-aqm-a112;  23.75;  34.96;   434;   820;   737;   356;     1;     2;  -121;  -121;  -6.2; drag-lps8-08; 1; 10; 125000; 22882
2023-05-25 12:12:42; hka-aqm-a112;  23.79;  34.59;   439;   860;   683;   328;     4;    10;  -115;  -115;  -1.2; drag-lps8-08; 7; 10; 125000; 22883
2023-05-25 12:13:24; hka-aqm-a112;  23.80;  34.59;   438;   859;   398;   172;     1;     8;  -129;  -129; -15.0; drag-lps8-02; 2; 10; 125000; 22884
2023-05-25 12:18:05; hka-aqm-a112;  23.77;  34.42;   436;   807;   654;   313;     3;    11;  -117;  -117;  -4.8; drag-lps8-08; 3; 10; 125000; 22885
2023-05-25 12:18:46; hka-aqm-a112;  23.82;  34.42;   434;   791;   747;   365;     1;     9;  -118;  -118;  -1.8; drag-outd-01; 4; 10; 125000; 22886
2023-05-25 12:33:53; hka-aqm-a112;  24.02;  34.12;   436;   900;   786;   385;     2;    16;  -121;  -121;  -6.8; drag-lps8-08; 6; 10; 125000; 22887
2023-05-25 12:42:24; hka-aqm-a112;  23.95;  34.02;   436;   698;   735;   358;     4;    19;  -115;  -115;   0.5; drag-outd-01; 2; 10; 125000; 22888
2023-05-25 12:43:06; hka-aqm-a112;  24.00;  33.92;   434;   735;   556;   258;     1;    12;  -120;  -120;  -2.5; drag-outd-01; 5; 10; 125000; 22889
2023-05-25 12:43:47; hka-aqm-a112;  24.03;  33.99;   434;   760;   787;   388;     1;    11;  -122;  -122;  -3.5; drag-outd-01; 1; 10; 125000; 22890
2023-05-25 12:58:53; hka-aqm-a112;  24.11;  34.06;   442;   815;   797;   391;     2;     8;  -126;  -126;  -8.0; drag-lps8-08; 0; 10; 125000; 22891
2023-05-25 13:14:00; hka-aqm-a112;  24.24;  34.12;   449;   909;   793;   391;     2;    14;  -120;  -120;  -3.0; drag-lps8-08; 7; 10; 125000; 22892
2023-05-25 13:29:06; hka-aqm-a112;  24.58;  33.79;   461;  1013;   826;   406;     4;    18;  -115;  -115;  -2.8; drag-lps8-08; 1; 10; 125000; 22893
2023-05-25 13:44:13; hka-aqm-a112;  24.72;  33.66;   471;   916;   843;   413;     0;    10;  -120;  -120;  -5.0; drag-lps8-08; 2; 10; 125000; 22894
2023-05-25 13:54:05; hka-aqm-a112;  24.66;  33.19;   444;   703;   682;   323;     4;    18;  -114;  -114;   3.2; drag-outd-01; 0; 10; 125000; 22895
2023-05-25 13:54:46; hka-aqm-a112;  24.62;  33.12;   443;   710;   468;   208;     2;    13;  -115;  -115;   4.5; drag-outd-01; 3; 10; 125000; 22896
2023-05-25 13:55:27; hka-aqm-a112;  24.60;  33.12;   439;   744;   439;   193;     3;    16;  -115;  -115;  -3.0; drag-outd-01; 5; 10; 125000; 22897
2023-05-25 13:56:08; hka-aqm-a112;  24.60;  33.32;   438;   729;   502;   228;     3;    16;  -115;  -115;   1.8; drag-outd-01; 6; 10; 125000; 22898
2023-05-25 13:56:49; hka-aqm-a112;  24.53;  33.29;   436;   667;   930;   458;     2;    13;  -113;  -113;   1.2; drag-outd-01; 7; 10; 125000; 22899
2023-05-25 13:58:42; hka-aqm-a112;  24.57;  33.25;   440;   699;   792;   387;     1;    13;  -123;  -123;  -4.2; drag-outd-01; 4; 10; 125000; 22900
2023-05-25 13:59:25; hka-aqm-a112;  24.61;  33.35;   437;   703;   878;   432;     1;    13;  -118;  -118;  -4.2; drag-lps8-08; 6; 10; 125000; 22901
2023-05-25 14:09:25; hka-aqm-a112;  24.64;  33.05;   432;   671;   810;   392;     2;    20;  -126;  -126; -12.2; drag-lps8-02; 4; 10; 125000; 22902
2023-05-25 14:10:06; hka-aqm-a112;  24.64;  32.99;   434;   675;   974;   484;     2;    16;  -114;  -114;   4.2; drag-outd-01; 7; 10; 125000; 22903
2023-05-25 14:10:47; hka-aqm-a112;  24.68;  33.02;   431;   653;   760;   364;     1;    18;  -123;  -123; -10.2; drag-lps8-02; 5; 10; 125000; 22904
2023-05-25 14:11:28; hka-aqm-a112;  24.69;  33.15;   432;   574;   804;   385;     1;    24;  -117;  -117;   1.2; drag-outd-01; 3; 10; 125000; 22905
2023-05-25 14:12:09; hka-aqm-a112;  24.77;  33.12;   430;   607;   867;   422;     1;    23;  -114;  -114;   3.8; drag-outd-01; 0; 10; 125000; 22906
2023-05-25 14:12:51; hka-aqm-a112;  24.80;  33.12;   427;   649;   730;   347;     1;    22;  -112;  -112; nan; drag-outd-01; 1; 10; 125000; 22907
2023-05-25 14:13:32; hka-aqm-a112;  24.74;  33.05;   427;   699;   923;   452;     2;    23;  -114;  -114;  -0.5; drag-outd-01; 2; 10; 125000; 22908
2023-05-25 14:28:38; hka-aqm-a112;  24.85;  33.09;   444;   800;   850;   414;     1;    19;  -115;  -115;  -1.2; drag-lps8-08; 4; 10; 125000; 22909
2023-05-25 14:42:24; hka-aqm-a112;  24.96;  33.25;   440;   793;   719;   346;     4;    26;  -120;  -120;  -5.5; drag-lps8-08; 5; 10; 125000; 22910
2023-05-25 14:43:05; hka-aqm-a112;  24.95;  33.22;   439;   798;   850;   413;     2;    12;  -116;  -116;  -2.5; drag-lps8-08; 1; 10; 125000; 22911
2023-05-25 14:57:04; hka-aqm-a112;  25.11;  32.92;   444;   829;   892;   436;     3;    12;  -112;  -112;   5.0; drag-outd-01; 6; 10; 125000; 22912
2023-05-25 14:57:45; hka-aqm-a112;  25.06;  32.92;   444;   843;   394;   168;     1;    10;  -111;  -111;   5.5; drag-outd-01; 7; 10; 125000; 22913
2023-05-25 14:58:26; hka-aqm-a112;  25.04;  32.99;   444;   851;   324;   131;     1;    10;  -115;  -115;   5.0; drag-outd-01; 3; 10; 125000; 22914
2023-05-25 14:59:43; hka-aqm-a112;  25.10;  32.99;   444;   900;   894;   443;     2;    11;  -115;  -115;  -1.0; drag-lps8-08; 2; 10; 125000; 22915
2023-05-25 15:00:24; hka-aqm-a112;  25.10;  32.92;   443;   801;   436;   193;     2;     9;  -131;  -131; -14.0; drag-lps8-02; 0; 10; 125000; 22916
2023-05-25 15:12:04; hka-aqm-a112;  25.13;  32.92;   436;   789;   694;   332;     2;    14;  -118;  -118;  -2.5; drag-lps8-08; 5; 10; 125000; 22917
2023-05-25 15:12:45; hka-aqm-a112;  25.13;  32.92;   434;   779;   570;   263;     1;     8;  -120;  -120;  -1.8; drag-lps8-08; 0; 10; 125000; 22918
2023-05-25 15:13:26; hka-aqm-a112;  25.14;  32.85;   436;   728;   906;   448;     2;     8;  -113;  -113;   2.0; drag-outd-01; 1; 10; 125000; 22919
2023-05-25 15:15:03; hka-aqm-a112;  25.20;  32.85;   431;   736;   499;   228;     2;    12;  -116;  -116;  -1.0; drag-lps8-08; 6; 10; 125000; 22920
2023-05-25 15:15:44; hka-aqm-a112;  25.19;  32.82;   430;   746;   933;   463;     2;    10;  -113;  -113;   3.2; drag-outd-01; 3; 10; 125000; 22921
2023-05-25 15:18:02; hka-aqm-a112;  25.13;  32.85;   430;   730;   932;   462;     3;    12;  -122;  -122;  -5.0; drag-lps8-08; 4; 10; 125000; 22922
2023-05-25 15:19:42; hka-aqm-a112;  25.16;  32.99;   429;   717;   857;   421;     3;    12;  -130;  -130; -15.2; drag-lps8-02; 7; 10; 125000; 22923
2023-05-25 15:21:44; hka-aqm-a112;  25.18;  33.05;   425;   708;   596;   274;     2;    12;  -109;  -109;   4.5; drag-outd-01; 2; 10; 125000; 22924
2023-05-25 15:22:25; hka-aqm-a112;  25.12;  33.09;   425;   707;   846;   414;     2;     7;  -114;  -114;   1.5; drag-outd-01; 4; 10; 125000; 22925
2023-05-25 15:23:06; hka-aqm-a112;  25.12;  33.12;   425;   701;   793;   383;     2;    11;  -117;  -117;   1.5; drag-outd-01; 0; 10; 125000; 22926
2023-05-25 15:23:47; hka-aqm-a112;  25.10;  33.05;   429;   665;   420;   182;     2;    11;  -128;  -128; -15.2; drag-lps8-02; 2; 10; 125000; 22927
2023-05-25 15:24:28; hka-aqm-a112;  25.05;  33.12;   432;   655;   435;   193;     2;    10;  -118;  -118;  -1.5; drag-lps8-08; 5; 10; 125000; 22928
2023-05-25 15:25:09; hka-aqm-a112;  25.08;  33.02;   440;   646;   916;   454;     3;     8;  -127;  -127; -15.8; drag-lps8-02; 6; 10; 125000; 22929
2023-05-25 15:29:03; hka-aqm-a112;  25.14;  33.12;   422;   592;   912;   451;     2;    11;  -124;  -124;  -7.5; drag-lps8-08; 1; 10; 125000; 22930
2023-05-25 15:29:45; hka-aqm-a112;  25.12;  33.09;   422;   598;   391;   165;     1;    11;  -115;  -115;   2.8; drag-outd-01; 3; 10; 125000; 22931
2023-05-25 15:30:26; hka-aqm-a112;  25.11;  33.15;   426;   610;   327;   135;     1;    11;  -123;  -123;  -5.8; drag-lps8-08; 7; 10; 125000; 22932
2023-05-25 15:31:07; hka-aqm-a112;  25.11;  33.05;   423;   619;   463;   207;     2;    10;  -123;  -123;  -5.2; drag-lps8-08; 4; 10; 125000; 22933
2023-05-25 15:32:03; hka-aqm-a112;  25.10;  33.05;   421;   645;   476;   221;     2;     8;  -126;  -126;  -8.8; drag-lps8-02; 5; 10; 125000; 22934
2023-05-25 15:32:45; hka-aqm-a112;  25.08;  32.99;   420;   637;   969;   480;     2;     8;  -114;  -114;   1.5; drag-lps8-08; 0; 10; 125000; 22935
2023-05-25 15:33:26; hka-aqm-a112;  25.12;  33.12;   425;   618;   732;   355;     2;    10;  -119;  -119;  -2.0; drag-lps8-08; 7; 10; 125000; 22936
2023-05-25 15:34:22; hka-aqm-a112;  25.07;  33.09;   427;   600;   647;   304;     3;    13;  -112;  -112;   4.0; drag-outd-01; 2; 10; 125000; 22937
2023-05-25 15:35:03; hka-aqm-a112;  25.12;  33.12;   429;   609;   758;   364;     3;    10;  -114;  -114;  -1.0; drag-lps8-08; 1; 10; 125000; 22938
2023-05-25 15:35:45; hka-aqm-a112;  25.07;  33.19;   426;   606;   576;   270;     2;    10;  -118;  -118;  -3.8; drag-lps8-08; 6; 10; 125000; 22939
2023-05-25 15:44:22; hka-aqm-a112;  25.18;  33.32;   425;   736;   879;   433;     3;    21;  -123;  -123;  -8.2; drag-lps8-08; 3; 10; 125000; 22940
2023-05-25 15:55:03; hka-aqm-a112;  25.21;  33.52;   424;   767;   390;   169;     3;    18;  -128;  -128; -13.0; drag-lps8-02; 7; 10; 125000; 22941
2023-05-25 15:56:24; hka-aqm-a112;  25.22;  33.52;   431;   767;   514;   236;     2;     6;  -116;  -116;  -1.8; drag-lps8-08; 1; 10; 125000; 22942
2023-05-25 15:57:05; hka-aqm-a112;  25.21;  33.59;   432;   758;   633;   305;     2;     5;  -112;  -112;   3.0; drag-outd-01; 4; 10; 125000; 22943
2023-05-25 15:57:46; hka-aqm-a112;  25.22;  33.59;   429;   720;   780;   376;     2;     5;  -114;  -114;   3.8; drag-outd-01; 0; 10; 125000; 22944
2023-05-25 15:58:28; hka-aqm-a112;  25.19;  33.69;   432;   722;   866;   425;     1;     4;  -128;  -128; -16.0; drag-lps8-02; 6; 10; 125000; 22945
2023-05-25 16:06:02; hka-aqm-a112;  25.29;  33.55;   429;   883;   779;   402;     2;     4;  -126;  -126; -12.5; drag-lps8-02; 5; 10; 125000; 22946
2023-05-25 16:10:24; hka-aqm-a112;  25.28;  33.59;   424;   803;   574;   266;     2;     3;  -116;  -116;  -3.2; drag-lps8-08; 2; 10; 125000; 22947
2023-05-25 16:11:05; hka-aqm-a112;  25.29;  33.59;   423;   803;   691;   334;     2;     2;  -118;  -118;   1.8; drag-outd-01; 3; 10; 125000; 22948
2023-05-25 16:11:46; hka-aqm-a112;  25.35;  33.52;   421;   724;   732;   356;     1;     2;  -114;  -114;  -0.5; drag-lps8-08; 4; 10; 125000; 22949
2023-05-25 16:12:44; hka-aqm-a112;  25.35;  33.69;   419;   816;   446;   196;     2;     4;  -117;  -117;   2.0; drag-outd-01; 3; 10; 125000; 22950
2023-05-25 16:13:25; hka-aqm-a112;  25.34;  33.72;   418;   795;   389;   166;     1;     4;  -120;  -120;  -2.0; drag-outd-01; 0; 10; 125000; 22951
2023-05-25 16:14:24; hka-aqm-a112;  25.23;  33.59;   417;   726;   564;   262;     1;     3;  -113;  -113;  -0.2; drag-lps8-08; 1; 10; 125000; 22952
2023-05-25 16:16:02; hka-aqm-a112;  25.34;  33.59;   418;   772;   796;   390;     1;     2;  -128;  -128; -13.2; drag-lps8-02; 7; 10; 125000; 22953
2023-05-25 16:16:45; hka-aqm-a112;  25.26;  33.59;   416;   715;   348;   147;     0;     0;  -112;  -112;   2.0; drag-lps8-08; 2; 10; 125000; 22954
2023-05-25 16:17:26; hka-aqm-a112;  25.30;  33.55;   418;   766;   700;   344;     0;     6;  -116;  -116;  -1.5; drag-lps8-08; 6; 10; 125000; 22955
2023-05-25 16:18:07; hka-aqm-a112;  25.28;  33.59;   417;   766;   790;   387;     1;     1;  -124;  -124; -16.5; drag-outd-01; 5; 10; 125000; 22956
2023-05-25 16:29:04; hka-aqm-a112;  25.32;  33.72;   413;   827;   423;   188;     2;     8;  -122;  -122;  -3.5; drag-outd-01; 6; 10; 125000; 22957
2023-05-25 16:29:45; hka-aqm-a112;  25.32;  33.76;   416;   746;   751;   365;     1;     4;  -119;  -119;  -5.8; drag-outd-01; 1; 10; 125000; 22958
2023-05-25 16:30:26; hka-aqm-a112;  25.31;  33.76;   414;   745;   362;   154;     0;     2;  -130;  -130; -14.8; drag-lps8-02; 4; 10; 125000; 22959
2023-05-25 16:31:22; hka-aqm-a112;  25.33;  33.69;   415;   844;   560;   260;     1;     4;  -117;  -117;  -3.8; drag-lps8-08; 3; 10; 125000; 22960
2023-05-25 16:32:05; hka-aqm-a112;  25.36;  33.72;   413;   811;   768;   377;     1;     2;  -114;  -114;  -1.5; drag-lps8-08; 2; 10; 125000; 22961
2023-05-25 16:34:23; hka-aqm-a112;  25.37;  33.76;   416;   757;   617;   291;     2;     3;  -126;  -126; -10.5; drag-lps8-02; 0; 10; 125000; 22962
2023-05-25 16:35:04; hka-aqm-a112;  25.33;  33.79;   418;   744;   429;   189;     1;     3;  -118;  -118;  -0.5; drag-outd-01; 7; 10; 125000; 22963
2023-05-25 16:35:45; hka-aqm-a112;  25.30;  33.72;   415;   730;   325;   132;     0;     4;  -122;  -122;  -7.2; drag-lps8-02; 5; 10; 125000; 22964
2023-05-25 16:36:27; hka-aqm-a112;  25.33;  33.99;   413;   767;   633;   311;     0;     5;  -117;  -117;   2.2; drag-outd-01; 0; 10; 125000; 22965
2023-05-25 16:37:08; hka-aqm-a112;  25.33;  33.86;   413;   750;   476;   221;     2;     5;  -114;  -114;  -1.5; drag-lps8-08; 2; 10; 125000; 22966
2023-05-25 16:37:49; hka-aqm-a112;  25.34;  33.82;   416;   742;   738;   360;     2;     5;  -116;  -116;   1.5; drag-outd-01; 7; 10; 125000; 22967
2023-05-25 16:38:30; hka-aqm-a112;  25.36;  33.86;   412;   762;   636;   306;     3;     4;  -115;  -115;  -0.8; drag-lps8-08; 1; 10; 125000; 22968
2023-05-25 16:39:11; hka-aqm-a112;  25.38;  33.79;   415;   762;   722;   351;     1;     5;  -122;  -122; -11.5; drag-lps8-02; 6; 10; 125000; 22969
2023-05-25 16:40:44; hka-aqm-a112;  25.30;  33.79;   410;   796;   541;   254;     1;     6;  -117;  -117; nan; drag-outd-01; 4; 10; 125000; 22970
2023-05-25 16:41:25; hka-aqm-a112;  25.36;  33.79;   413;   781;   243;    91;     1;     8;  -128;  -128;  -9.5; drag-outd-01; 5; 10; 125000; 22971
2023-05-25 16:42:06; hka-aqm-a112;  25.30;  33.86;   411;   767;   687;   334;     1;     5;  -121;  -121;  -6.0; drag-lps8-08; 3; 10; 125000; 22972
2023-05-25 16:54:03; hka-aqm-a112;  25.39;  33.99;   422;   793;   520;   248;     2;    12;  -122;  -122;  -6.5; drag-lps8-08; 7; 10; 125000; 22973
2023-05-25 16:54:44; hka-aqm-a112;  25.44;  34.02;   422;   803;   690;   336;     1;     8;  -122;  -122;  -6.8; drag-lps8-08; 5; 10; 125000; 22974
2023-05-25 16:55:25; hka-aqm-a112;  25.40;  33.99;   426;   809;   534;   253;     1;     7;  -116;  -116;  -3.0; drag-lps8-08; 6; 10; 125000; 22975
2023-05-25 16:56:07; hka-aqm-a112;  25.46;  34.06;   424;   817;   701;   343;     0;     6;  -120;  -120;  -3.2; drag-lps8-08; 0; 10; 125000; 22976
2023-05-25 16:56:48; hka-aqm-a112;  25.39;  34.06;   423;   811;   201;    71;     2;     5;  -114;  -114;   1.2; drag-outd-01; 4; 10; 125000; 22977
2023-05-25 17:00:03; hka-aqm-a112;  25.42;  34.06;   417;   810;   566;   272;     1;     6;  -115;  -115;   2.0; drag-outd-01; 1; 10; 125000; 22978
2023-05-25 17:00:44; hka-aqm-a112;  25.40;  34.06;   417;   787;   682;   333;     2;     6;  -116;  -116;  -1.5; drag-lps8-08; 2; 10; 125000; 22979
2023-05-25 17:15:51; hka-aqm-a112;  25.46;  34.32;   433;   832;   621;   301;     2;    12;  -126;  -126; -15.2; drag-lps8-02; 3; 10; 125000; 22980
2023-05-25 17:30:57; hka-aqm-a112;  25.46;  34.32;   427;   885;   582;   279;     1;    15;  -112;  -112;   4.8; drag-outd-01; 1; 10; 125000; 22981
2023-05-25 17:46:05; hka-aqm-a112;  25.56;  34.32;   438;   881;   534;   255;     3;    22;  -113;  -113;   1.0; drag-lps8-08; 6; 10; 125000; 22982
2023-05-25 18:01:11; hka-aqm-a112;  25.64;  34.52;   445;  1114;   498;   236;     2;    11;  -114;  -114;  -4.5; drag-outd-01; 5; 10; 125000; 22983
2023-05-25 18:16:59; hka-aqm-a112;  25.54;  34.66;   460;  1095;   449;   210;     1;    14;  -116;  -116;  -0.8; drag-lps8-08; 7; 10; 125000; 22985
2023-05-25 18:32:06; hka-aqm-a112;  25.68;  34.26;   458;  1194;   392;   178;     3;    22;  -118;  -118;  -1.5; drag-lps8-08; 0; 10; 125000; 22986
2023-05-25 18:47:12; hka-aqm-a112;  25.66;  34.36;   456;  1236;   329;   144;     1;    11;  -114;  -114;  -0.2; drag-lps8-08; 2; 10; 125000; 22987
2023-05-25 19:02:19; hka-aqm-a112;  25.66;  34.12;   465;  1243;   283;   116;     2;    10;  -115;  -115;   0.8; drag-lps8-08; 4; 10; 125000; 22988
2023-05-25 19:08:44; hka-aqm-a112;  25.66;  34.22;   460;  1284;   208;    79;     3;    22;  -110;  -110;   3.8; drag-outd-01; 2; 10; 125000; 22989
2023-05-25 19:09:25; hka-aqm-a112;  25.65;  34.19;   458;  1288;   262;   104;     1;    12;  -126;  -126; -13.8; drag-lps8-02; 4; 10; 125000; 22990
2023-05-25 19:24:32; hka-aqm-a112;  25.75;  34.26;   481;  1267;   216;    80;     0;     5;  -113;  -113;   2.5; drag-lps8-08; 1; 10; 125000; 22991
2023-05-25 19:39:38; hka-aqm-a112;  25.67;  34.26;   464;  1286;   161;    55;     2;     3;  -114;  -114;   3.2; drag-outd-01; 3; 10; 125000; 22992
2023-05-25 19:54:45; hka-aqm-a112;  25.61;  34.19;   461;  1261;   129;    40;     3;    15;  -125;  -125; -10.8; drag-lps8-02; 5; 10; 125000; 22993
2023-05-25 20:09:51; hka-aqm-a112;  25.56;  34.16;   450;  1369;   104;    26;     2;     2;  -128;  -128; -16.0; drag-lps8-02; 6; 10; 125000; 22994
2023-05-25 20:24:58; hka-aqm-a112;  25.54;  33.99;   451;  1337;    89;    20;     2;     1;  -116;  -116; nan; drag-lps8-08; 0; 10; 125000; 22995
2023-05-25 20:40:05; hka-aqm-a112;  25.47;  33.99;   444;  1271;    32;    13;     3;    15;  -132;  -132; -14.5; drag-lps8-02; 7; 10; 125000; 22996
2023-05-25 20:55:11; hka-aqm-a112;  25.36;  34.09;   456;  1293;    66;    11;     0;     0;  -122;  -122;  -6.5; drag-lps8-08; 3; 10; 125000; 22997
2023-05-25 21:10:18; hka-aqm-a112;  25.21;  34.46;   443;  1329;    12;     3;     0;     0;  -120;  -120;  -0.8; drag-lps8-08; 7; 10; 125000; 22998
2023-05-25 21:25:24; hka-aqm-a112;  25.06;  34.79;   439;  1312;     8;     1;     3;    15;  -129;  -129;  -9.2; drag-outd-01; 6; 10; 125000; 22999
2023-05-25 21:40:31; hka-aqm-a112;  24.93;  35.26;   444;  1308;     7;     1;     1;     0;  -115;  -115;  -1.2; drag-lps8-08; 1; 10; 125000; 23000
2023-05-25 21:55:37; hka-aqm-a112;  24.81;  35.89;   438;  1249;     7;     2;     0;     0;  -126;  -126; -11.8; drag-lps8-02; 5; 10; 125000; 23001
2023-05-25 22:10:44; hka-aqm-a112;  24.74;  36.16;   441;  1263;     7;     0;     3;    15;  -122;  -122;  -2.0; drag-outd-01; 2; 10; 125000; 23002
2023-05-25 22:25:51; hka-aqm-a112;  24.68;  36.52;   433;  1270;     7;     0;     0;     0;  -133;  -133; -12.8; drag-outd-01; 4; 10; 125000; 23003
2023-05-25 22:40:57; hka-aqm-a112;  24.63;  36.69;   436;  1229;     7;     0;     1;     1;  -115;  -115;   1.2; drag-lps8-08; 0; 10; 125000; 23004
2023-05-25 22:56:04; hka-aqm-a112;  24.59;  36.89;   439;  1260;    10;     3;     3;    15;  -131;  -131; -11.0; drag-outd-01; 4; 10; 125000; 23005
2023-05-25 23:11:10; hka-aqm-a112;  24.54;  36.98;   437;  1279;     7;     2;     1;     1;  -130;  -130; -14.8; drag-lps8-02; 0; 10; 125000; 23006
2023-05-25 23:26:17; hka-aqm-a112;  24.52;  37.12;   435;  1273;    10;     3;     0;     0;  -124;  -124;  -5.5; drag-lps8-08; 3; 10; 125000; 23007
2023-05-25 23:41:24; hka-aqm-a112;  24.50;  37.25;   435;  1286;     7;     1;     3;    15;  -128;  -128;  -9.5; drag-outd-01; 6; 10; 125000; 23008
2023-05-25 23:56:30; hka-aqm-a112;  24.45;  37.38;   437;  1282;    10;     3;     0;     0;  -114;  -114;  -0.2; drag-lps8-08; 2; 10; 125000; 23009
