# Logfile LoRaWAN TTN/TTS V3 logger version hka-log V 1.1
date_time;device_id;tmp;hum;CO2;VOC;vis;IR;WIFI;BLE;rssi;channel_rssi;snr;gateway;channel_index;spreading_factor;bandwidth;f_cnt
2023-09-27 00:07:07; hka-aqm-a103;  21.70;  52.68;   595;  1292;     8;     1;     2;     1;  -114;  -114;   0.5; drag-outd-01; 3; 7; 125000; 36115
2023-09-27 00:22:14; hka-aqm-a103;  21.64;  52.74;   585;  1302;     8;     1;     0;     0;  -113;  -113;   2.2; drag-outd-01; 0; 7; 125000; 36116
2023-09-27 00:37:21; hka-aqm-a103;  21.60;  52.80;   590;  1242;    11;     4;     2;     1;  -109;  -109;   3.0; drag-lps8-02; 5; 7; 125000; 36117
2023-09-27 00:52:27; hka-aqm-a103;  21.55;  52.80;   575;  1236;     8;     1;     2;     1;  -113;  -113;   0.8; drag-outd-01; 7; 7; 125000; 36118
2023-09-27 01:07:34; hka-aqm-a103;  21.53;  52.87;   586;  1188;     8;     1;     1;     0;  -108;  -108;   0.5; drag-lps8-02; 2; 7; 125000; 36119
2023-09-27 01:22:40; hka-aqm-a103;  21.48;  52.87;   578;  1186;     8;     1;     2;     1;  -108;  -108;   2.8; drag-lps8-02; 0; 7; 125000; 36120
2023-09-27 01:37:46; hka-aqm-a103;  21.43;  52.90;   573;  1148;     8;     1;     2;     1;  -113;  -113;   0.5; drag-outd-01; 4; 7; 125000; 36121
2023-09-27 01:52:52; hka-aqm-a103;  21.43;  52.87;   564;  1124;    11;     4;     0;     0;  -108;  -108;   2.0; drag-lps8-02; 5; 7; 125000; 36122
2023-09-27 02:08:00; hka-aqm-a103;  21.39;  52.93;   561;  1134;     8;     1;     2;     1;  -109;  -109;   2.8; drag-outd-01; 2; 7; 125000; 36123
2023-09-27 02:23:06; hka-aqm-a103;  21.36;  52.93;   556;  1056;     8;     1;     2;     1;  -121;  -121;  -4.0; drag-lps8-08; 3; 7; 125000; 36124
2023-09-27 02:38:12; hka-aqm-a103;  21.32;  52.93;   560;  1044;     8;     1;     1;     0;  -108;  -108;  -0.8; drag-lps8-02; 1; 7; 125000; 36125
2023-09-27 02:53:20; hka-aqm-a103;  21.28;  52.99;   553;  1011;     8;     1;     2;     1;  -108;  -108;   1.2; drag-lps8-02; 7; 7; 125000; 36126
2023-09-27 03:08:26; hka-aqm-a103;  21.24;  52.96;   547;  1026;     8;     1;     2;     1;  -114;  -114;  -2.2; drag-outd-01; 6; 7; 125000; 36127
2023-09-27 03:23:32; hka-aqm-a103;  21.22;  52.96;   545;   992;     8;     1;     0;     0;  -113;  -113;   0.2; drag-outd-01; 7; 7; 125000; 36128
2023-09-27 03:38:41; hka-aqm-a103;  21.18;  52.99;   550;   960;     8;     1;     2;     1;  -110;  -110;   2.5; drag-outd-01; 2; 7; 125000; 36129
2023-09-27 03:53:47; hka-aqm-a103;  21.15;  52.99;   540;   935;     8;     1;     2;     1;  -114;  -114;  -2.5; drag-outd-01; 6; 7; 125000; 36130
2023-09-27 04:08:53; hka-aqm-a103;  21.15;  52.87;   549;   946;     8;     1;     0;     0;  -123;  -123;  -4.2; drag-lps8-08; 5; 7; 125000; 36131
2023-09-27 04:24:01; hka-aqm-a103;  21.16;  52.77;   546;   822;    11;     4;     2;     1;  -109;  -109;   2.0; drag-lps8-02; 4; 7; 125000; 36132
2023-09-27 04:39:07; hka-aqm-a103;  21.14;  52.74;   537;   912;     8;     1;     2;     1;  -113;  -113;   2.8; drag-outd-01; 0; 7; 125000; 36133
2023-09-27 04:54:13; hka-aqm-a103;  21.10;  52.74;   535;   869;     8;     1;     1;     0;  -108;  -108;  -1.5; drag-lps8-02; 1; 7; 125000; 36134
2023-09-27 05:09:20; hka-aqm-a103;  21.05;  52.77;   531;   867;     8;     1;     2;     1;  -118;  -118;  -0.5; drag-outd-01; 3; 7; 125000; 36135
2023-09-27 05:24:26; hka-aqm-a103;  21.02;  52.77;   530;   824;     8;     1;     2;     1;  -109;  -109;   2.8; drag-lps8-02; 0; 7; 125000; 36136
2023-09-27 05:39:33; hka-aqm-a103;  20.99;  52.77;   532;   853;    11;     4;     2;     0;  -107;  -107;   2.0; drag-lps8-02; 5; 7; 125000; 36137
2023-09-27 05:54:41; hka-aqm-a103;  20.95;  52.80;   537;   819;     8;     1;     2;     1;  -111;  -111;  -5.8; drag-lps8-02; 3; 7; 125000; 36138
2023-09-27 06:09:47; hka-aqm-a103;  20.92;  52.77;   531;   732;    11;     4;     2;     1;  -114;  -114; nan; drag-outd-01; 7; 7; 125000; 36139
2023-09-27 06:24:53; hka-aqm-a103;  20.90;  52.74;   537;   792;     8;     1;     1;     0;  -106;  -106; nan; drag-lps8-02; 1; 7; 125000; 36140
2023-09-27 06:40:00; hka-aqm-a103;  20.86;  52.74;   533;   785;     8;     1;     2;     1;  -108;  -108;   3.0; drag-lps8-02; 4; 7; 125000; 36141
2023-09-27 06:55:06; hka-aqm-a103;  20.83;  52.71;   533;   761;     9;     1;     2;     1;  -105;  -105;   0.8; drag-lps8-02; 6; 7; 125000; 36142
2023-09-27 07:10:13; hka-aqm-a103;  20.82;  52.65;   536;   760;    67;     8;     2;     0;  -115;  -115;  -1.0; drag-outd-01; 2; 7; 125000; 36143
2023-09-27 07:25:21; hka-aqm-a103;  20.80;  51.89;   543;   749;    76;    13;     2;     1;  -110;  -110;  -2.8; drag-outd-01; 5; 7; 125000; 36144
2023-09-27 07:38:59; hka-aqm-a103;  20.74;  55.38;   538;   674;    79;    13;     2;     1;  -126;  -126;  -6.5; drag-lps8-08; 6; 7; 125000; 36145
2023-09-27 07:54:06; hka-aqm-a103;  20.62;  49.41;   542;   635;    96;    23;     2;     3;  -111;  -111;   6.0; drag-outd-01; 3; 7; 125000; 36146
2023-09-27 08:09:12; hka-aqm-a103;  20.48;  48.77;   541;   812;   121;    37;     1;     5;  -113;  -113;   1.8; drag-outd-01; 0; 7; 125000; 36147
2023-09-27 08:24:21; hka-aqm-a103;  20.41;  49.47;   534;   711;   161;    59;     2;     7;  -109;  -109;   4.8; drag-outd-01; 4; 7; 125000; 36148
2023-09-27 08:39:27; hka-aqm-a103;  20.37;  50.62;   528;   690;   193;    78;     2;    12;  -108;  -108;   0.2; drag-lps8-02; 2; 7; 125000; 36149
2023-09-27 08:54:33; hka-aqm-a103;  20.41;  51.29;   529;   834;   218;    91;     1;     4;  -106;  -106;  -0.2; drag-lps8-02; 1; 7; 125000; 36150
2023-09-27 09:09:40; hka-aqm-a103;  20.60;  51.41;   535;   770;   247;   108;     2;    12;  -107;  -107;   2.8; drag-lps8-02; 7; 7; 125000; 36151
2023-09-27 09:24:46; hka-aqm-a103;  20.54;  53.03;   538;   845;   258;   113;     2;    12;  -111;  -111;  -5.2; drag-lps8-02; 3; 7; 125000; 36152
2023-09-27 09:39:52; hka-aqm-a103;  20.63;  53.66;   540;   906;   267;   119;     1;     1;  -110;  -110;  -0.5; drag-outd-01; 6; 7; 125000; 36153
2023-09-27 09:55:00; hka-aqm-a103;  20.79;  53.97;   540;   889;   274;   122;     2;    12;  -114;  -114;  -1.8; drag-outd-01; 2; 7; 125000; 36154
2023-09-27 10:10:06; hka-aqm-a103;  20.98;  53.72;   538;   930;   287;   130;     2;    12;  -112;  -112;  -1.5; drag-outd-01; 1; 7; 125000; 36155
2023-09-27 10:25:13; hka-aqm-a103;  21.16;  53.50;   527;   952;   290;   130;     0;     8;  -108;  -108;  -1.5; drag-outd-01; 5; 7; 125000; 36156
2023-09-27 10:40:20; hka-aqm-a103;  21.30;  53.18;   534;   982;   298;   136;     2;    12;  -112;  -112;   0.8; drag-outd-01; 7; 7; 125000; 36157
2023-09-27 10:55:26; hka-aqm-a103;  21.40;  52.65;   543;   985;   291;   130;     2;    12;  -109;  -109;   3.5; drag-outd-01; 4; 7; 125000; 36158
2023-09-27 11:10:33; hka-aqm-a103;  21.69;  51.82;   547;   990;   286;   128;     1;    11;  -113;  -113;   0.8; drag-outd-01; 0; 7; 125000; 36159
2023-09-27 11:25:40; hka-aqm-a103;  21.74;  51.70;   548;  1025;   284;   127;     3;    19;  -108;  -108;  -1.5; drag-outd-01; 6; 7; 125000; 36160
2023-09-27 11:40:46; hka-aqm-a103;  22.00;  51.82;   559;   975;   281;   125;     3;    19;  -108;  -108;  -0.8; drag-outd-01; 5; 7; 125000; 36161
2023-09-27 11:55:52; hka-aqm-a103;  22.08;  52.08;   578;  1044;   278;   124;     1;    19;  -110;  -110;   2.0; drag-outd-01; 1; 7; 125000; 36162
2023-09-27 12:11:00; hka-aqm-a103;  22.27;  52.43;   565;   912;   276;   124;     3;    22;  -112;  -112;   1.8; drag-outd-01; 0; 7; 125000; 36163
2023-09-27 12:26:07; hka-aqm-a103;  22.43;  52.39;   588;   975;   270;   119;     3;    22;  -113;  -113;  -5.8; drag-lps8-02; 3; 7; 125000; 36164
2023-09-27 12:41:13; hka-aqm-a103;  22.60;  52.71;   595;   899;   276;   121;     1;     4;  -109;  -109;   4.0; drag-outd-01; 4; 7; 125000; 36165
2023-09-27 12:56:20; hka-aqm-a103;  22.71;  52.90;   593;   937;   268;   115;     3;    30;  -109;  -109;   1.0; drag-lps8-02; 7; 7; 125000; 36166
2023-09-27 13:11:26; hka-aqm-a103;  22.84;  52.99;   587;   999;   280;   120;     4;    32;  -111;  -111;   0.2; drag-outd-01; 2; 7; 125000; 36167
2023-09-27 13:26:33; hka-aqm-a103;  23.06;  53.06;   607;   928;   293;   125;     1;    30;  -108;  -108;   2.2; drag-lps8-02; 4; 7; 125000; 36168
2023-09-27 13:41:39; hka-aqm-a103;  23.20;  52.90;   618;  1023;   221;    86;     4;    33;  -107;  -107;   0.8; drag-outd-01; 5; 7; 125000; 36169
2023-09-27 13:56:45; hka-aqm-a103;  23.34;  52.71;   619;   918;   289;   122;     4;    36;  -116;  -116;  -3.5; drag-outd-01; 1; 7; 125000; 36170
2023-09-27 14:11:52; hka-aqm-a103;  23.49;  53.12;   615;   937;   275;   114;     3;    30;  -109;  -109;  -2.0; drag-outd-01; 6; 7; 125000; 36171
2023-09-27 14:27:00; hka-aqm-a103;  23.70;  53.28;   620;   847;   258;   104;     6;    39;  -111;  -111;   2.8; drag-outd-01; 3; 7; 125000; 36172
2023-09-27 14:42:06; hka-aqm-a103;  23.90;  52.93;   608;   883;   258;    97;     6;    39;  -107;  -107;   4.8; drag-lps8-02; 0; 7; 125000; 36173
2023-09-27 14:57:12; hka-aqm-a103;  24.15;  52.46;   595;   849;   264;    96;     0;    31;  -114;  -114;  -1.8; drag-outd-01; 2; 7; 125000; 36174
2023-09-27 15:12:20; hka-aqm-a103;  24.26;  51.79;   592;   836;   260;    92;     6;    39;  -112;  -112;  -2.8; drag-outd-01; 7; 7; 125000; 36175
2023-09-27 15:27:32; hka-aqm-a103;  24.43;  50.46;   581;   733;   265;    95;     0;    16;  -108;  -108;   4.2; drag-lps8-02; 0; 7; 125000; 36177
2023-09-27 15:42:40; hka-aqm-a103;  24.49;  50.21;   578;   768;   262;    89;     6;    39;  -110;  -110;  -2.2; drag-outd-01; 5; 7; 125000; 36178
2023-09-27 15:57:46; hka-aqm-a103;  24.66;  49.22;   570;   744;   243;    81;     6;    39;  -117;  -117;  -2.8; drag-outd-01; 3; 7; 125000; 36179
2023-09-27 16:12:52; hka-aqm-a103;  24.77;  48.80;   565;   776;   208;    66;     0;    14;  -106;  -106;   2.2; drag-lps8-02; 1; 7; 125000; 36180
2023-09-27 16:27:58; hka-aqm-a103;  24.90;  48.51;   566;   856;   171;    52;     6;    39;  -112;  -112;   0.5; drag-outd-01; 2; 7; 125000; 36181
2023-09-27 16:43:05; hka-aqm-a103;  24.84;  48.19;   562;   829;   134;    35;     6;    39;  -106;  -106;   4.5; drag-lps8-02; 7; 7; 125000; 36182
2023-09-27 16:58:11; hka-aqm-a103;  24.75;  48.00;   549;   806;   116;    29;     0;    15;  -117;  -117;  -4.2; drag-lps8-08; 6; 7; 125000; 36183
2023-09-27 17:13:20; hka-aqm-a103;  24.63;  48.13;   549;   819;   105;    24;     6;    39;  -120;  -120;  -6.5; drag-lps8-08; 4; 7; 125000; 36184
2023-09-27 17:28:26; hka-aqm-a103;  24.51;  48.07;   541;   808;    95;    20;     6;    39;  -108;  -108;   1.5; drag-outd-01; 2; 7; 125000; 36185
2023-09-27 17:43:32; hka-aqm-a103;  24.37;  48.16;   528;   797;    84;    14;     0;     1;  -106;  -106;   0.2; drag-lps8-02; 1; 7; 125000; 36186
2023-09-27 17:58:39; hka-aqm-a103;  24.25;  48.42;   535;   867;    86;    17;     6;    39;  -110;  -110;  -2.5; drag-lps8-02; 6; 7; 125000; 36187
2023-09-27 18:13:46; hka-aqm-a103;  24.16;  48.64;   544;   896;    81;    13;     6;    39;  -111;  -111;  -4.0; drag-outd-01; 5; 7; 125000; 36188
2023-09-27 18:28:52; hka-aqm-a103;  24.06;  48.77;   536;   950;    77;    12;     0;     4;  -116;  -116;  -4.0; drag-outd-01; 7; 7; 125000; 36189
2023-09-27 18:44:00; hka-aqm-a103;  23.98;  49.03;   534;   976;    73;    10;     6;    39;  -110;  -110;   3.0; drag-outd-01; 3; 7; 125000; 36190
2023-09-27 18:59:06; hka-aqm-a103;  23.89;  49.25;   531;  1017;    70;     9;     0;     1;  -111;  -111;  -0.2; drag-outd-01; 0; 7; 125000; 36191
2023-09-27 19:14:12; hka-aqm-a103;  23.81;  49.50;   537;  1194;    66;     6;     1;     0;  -108;  -108;   2.5; drag-outd-01; 2; 7; 125000; 36192
2023-09-27 19:20:19; hka-aqm-a103;  23.74;  49.73;   534;  1137;     8;     1;     6;    39;  -113;  -113;   0.2; drag-outd-01; 0; 7; 125000; 36193
2023-09-27 19:35:25; hka-aqm-a103;  23.60;  49.98;   532;  1227;     8;     1;     2;     1;  -109;  -109;   3.0; drag-outd-01; 1; 7; 125000; 36194
2023-09-27 19:50:31; hka-aqm-a103;  23.40;  50.40;   535;  1264;     8;     1;     1;     0;  -112;  -112;  -0.5; drag-lps8-02; 7; 7; 125000; 36195
2023-09-27 20:05:38; hka-aqm-a103;  23.30;  50.68;   531;  1208;     8;     1;     2;     1;  -112;  -112; nan; drag-lps8-02; 5; 7; 125000; 36196
2023-09-27 20:20:44; hka-aqm-a103;  23.19;  50.84;   523;  1223;     8;     1;     2;     1;  -114;  -114;  -7.5; drag-lps8-02; 3; 7; 125000; 36197
2023-09-27 20:35:50; hka-aqm-a103;  23.08;  51.00;   519;  1250;     8;     1;     1;     0;  -111;  -111;   1.5; drag-outd-01; 4; 7; 125000; 36198
2023-09-27 20:50:58; hka-aqm-a103;  22.92;  51.19;   523;  1232;     8;     1;     2;     1;  -111;  -111;  -4.2; drag-lps8-02; 6; 7; 125000; 36199
2023-09-27 21:06:04; hka-aqm-a103;  22.84;  51.35;   517;  1236;     8;     1;     2;     1;  -114;  -114;  -7.0; drag-lps8-02; 3; 7; 125000; 36200
2023-09-27 21:21:10; hka-aqm-a103;  22.73;  51.51;   521;  1217;     8;     1;     1;     0;  -108;  -108;   4.0; drag-outd-01; 1; 7; 125000; 36201
2023-09-27 21:36:18; hka-aqm-a103;  22.64;  51.70;   513;  1199;    10;     2;     2;     1;  -111;  -111;   2.5; drag-outd-01; 4; 7; 125000; 36202
2023-09-27 21:51:24; hka-aqm-a103;  22.58;  51.76;   507;  1253;     8;     1;     2;     1;  -115;  -115;  -2.8; drag-outd-01; 5; 7; 125000; 36203
2023-09-27 22:06:30; hka-aqm-a103;  22.50;  51.89;   508;  1152;     8;     1;     1;     0;  -116;  -116;  -5.5; drag-outd-01; 6; 7; 125000; 36204
2023-09-27 22:21:38; hka-aqm-a103;  22.40;  52.05;   507;  1139;    11;     3;     2;     1;  -112;  -112;   1.2; drag-lps8-02; 0; 7; 125000; 36205
2023-09-27 22:36:45; hka-aqm-a103;  22.34;  52.14;   506;  1180;     8;     1;     2;     1;  -108;  -108;   3.5; drag-outd-01; 2; 7; 125000; 36206
2023-09-27 22:51:51; hka-aqm-a103;  22.29;  52.20;   502;  1114;     8;     1;     0;     0;  -110;  -110;  -0.2; drag-lps8-02; 7; 7; 125000; 36207
2023-09-27 23:06:58; hka-aqm-a103;  22.26;  52.27;   506;  1144;     8;     1;     2;     1;  -114;  -114;  -6.8; drag-outd-01; 5; 7; 125000; 36208
2023-09-27 23:22:04; hka-aqm-a103;  22.20;  52.33;   501;  1148;     8;     1;     2;     1;  -107;  -107;   3.5; drag-outd-01; 2; 7; 125000; 36209
2023-09-27 23:37:10; hka-aqm-a103;  22.16;  52.39;   510;  1135;     8;     1;     0;     0;  -110;  -110;   3.8; drag-outd-01; 3; 7; 125000; 36210
2023-09-27 23:52:18; hka-aqm-a103;  22.08;  52.52;   501;  1105;     8;     1;     2;     1;  -112;  -112;   3.2; drag-outd-01; 4; 7; 125000; 36211
