# Logfile LoRaWAN TTN/TTS V3 logger version hka-log V 1.1
date_time;device_id;tmp;hum;CO2;VOC;vis;IR;WIFI;BLE;rssi;channel_rssi;snr;gateway;channel_index;spreading_factor;bandwidth;f_cnt
2023-03-10 00:05:07; hka-aqm-a107;  20.73;  39.76;   521;   684;     9;     2;     5;    30;  -128;  -128; -10.5; drag-lps8-08; 6; 8; 125000; 6000
2023-03-10 00:20:13; hka-aqm-a107;  20.62;  39.79;   514;   664;     7;     1;     1;     0;  -129;  -129;  -9.2; drag-outd-01; 0; 8; 125000; 6001
2023-03-10 00:35:19; hka-aqm-a107;  20.57;  39.69;   497;   667;     7;     1;     1;     0;  -128;  -128;  -8.5; drag-outd-01; 1; 8; 125000; 6002
2023-03-10 00:50:27; hka-aqm-a107;  20.49;  39.76;   488;   659;     7;     1;     5;    30;  -117;  -117; nan; drag-outd-01; 3; 8; 125000; 6003
2023-03-10 01:05:33; hka-aqm-a107;  20.42;  39.82;   478;   627;     9;     2;     2;     0;  -127;  -127;  -8.2; drag-lps8-08; 5; 8; 125000; 6004
2023-03-10 01:20:39; hka-aqm-a107;  20.34;  39.82;   475;   630;     7;     1;     2;     0;  -124;  -124;  -8.5; drag-lps8-07; 7; 8; 125000; 6005
2023-03-10 01:35:46; hka-aqm-a107;  20.27;  39.89;   462;   612;    10;     3;     5;    30;  -129;  -129; -10.8; drag-lps8-08; 2; 8; 125000; 6006
2023-03-10 01:50:53; hka-aqm-a107;  20.20;  39.92;   469;   595;     7;     1;     0;     0;  -123;  -123;  -3.8; drag-outd-01; 4; 8; 125000; 6007
2023-03-10 02:05:59; hka-aqm-a107;  20.16;  39.95;   461;   591;     7;     1;     1;     0;  -123;  -123; -10.0; drag-lps8-07; 1; 8; 125000; 6008
2023-03-10 02:21:07; hka-aqm-a107;  20.05;  40.12;   456;   601;     7;     1;     5;    30;  -124;  -124;  -4.5; drag-outd-01; 6; 8; 125000; 6009
2023-03-10 02:36:14; hka-aqm-a107;  20.03;  40.15;   446;   583;     7;     1;     2;     0;  -122;  -122;  -7.5; drag-lps8-07; 0; 8; 125000; 6010
2023-03-10 02:51:20; hka-aqm-a107;  19.94;  40.28;   444;   646;     7;     1;     1;     0;  -122;  -122;  -4.5; drag-outd-01; 2; 8; 125000; 6011
2023-03-10 03:06:26; hka-aqm-a107;  19.90;  40.41;   446;   578;     7;     1;     5;    30;  -128;  -128;  -7.5; drag-outd-01; 7; 8; 125000; 6012
2023-03-10 03:21:33; hka-aqm-a107;  19.86;  40.48;   450;   583;     8;     1;     1;     0;  -126;  -126; -11.0; drag-lps8-02; 3; 8; 125000; 6013
2023-03-10 03:36:39; hka-aqm-a107;  19.82;  40.54;   440;   529;     8;     1;     2;     0;  -124;  -124; -10.0; drag-lps8-07; 5; 8; 125000; 6014
2023-03-10 03:51:47; hka-aqm-a107;  19.79;  40.61;   455;   558;     7;     1;     5;    30;  -126;  -126; -10.5; drag-lps8-07; 4; 8; 125000; 6015
2023-03-10 04:06:54; hka-aqm-a107;  19.76;  40.74;   435;   543;     7;     1;     1;     0;  -126;  -126;  -7.2; drag-outd-01; 5; 8; 125000; 6016
2023-03-10 04:22:00; hka-aqm-a107;  19.67;  40.90;   445;   580;     7;     1;     0;     0;  -128;  -128; -11.2; drag-lps8-08; 6; 8; 125000; 6017
2023-03-10 04:37:07; hka-aqm-a107;  19.62;  41.00;   438;   535;     7;     1;     5;    30;  -126;  -126;  -6.5; drag-outd-01; 2; 8; 125000; 6018
2023-03-10 04:52:14; hka-aqm-a107;  19.62;  41.07;   439;   559;     7;     1;     1;     0;  -129;  -129;  -9.8; drag-lps8-08; 4; 8; 125000; 6019
2023-03-10 05:07:20; hka-aqm-a107;  19.60;  41.13;   435;   555;     7;     1;     1;     0;  -125;  -125; -11.2; drag-lps8-07; 7; 8; 125000; 6020
2023-03-10 05:22:27; hka-aqm-a107;  19.58;  41.20;   432;   567;    10;     3;     5;    30;  -122;  -122;  -3.2; drag-outd-01; 0; 8; 125000; 6021
2023-03-10 05:37:34; hka-aqm-a107;  19.61;  41.33;   439;   558;     8;     1;     0;     0;  -129;  -129;  -8.8; drag-outd-01; 3; 8; 125000; 6022
2023-03-10 05:52:40; hka-aqm-a107;  19.52;  41.40;   434;   576;     7;     1;     0;     0;  -127;  -127; -10.2; drag-lps8-08; 1; 8; 125000; 6023
2023-03-10 06:07:47; hka-aqm-a107;  19.47;  41.56;   444;   549;     8;     1;     5;    30;  -130;  -130; -10.2; drag-lps8-08; 0; 8; 125000; 6024
2023-03-10 06:22:53; hka-aqm-a107;  19.61;  41.76;   435;   577;    11;     2;     2;     0;  -126;  -126;  -7.5; drag-outd-01; 2; 8; 125000; 6025
2023-03-10 06:38:00; hka-aqm-a107;  20.18;  42.21;   455;   565;    16;     3;     2;     0;  -123;  -123;  -9.0; drag-lps8-07; 4; 8; 125000; 6026
2023-03-10 06:53:07; hka-aqm-a107;  19.83;  42.51;   451;   582;    25;     7;     5;    30;  -121;  -121;  -4.0; drag-outd-01; 6; 8; 125000; 6027
2023-03-10 07:35:46; hka-aqm-a107;  19.55;  42.57;   440;   582;   439;   105;     5;    30;  -123;  -123;  -8.8; drag-lps8-07; 7; 8; 125000; 6030
2023-03-10 07:36:47; hka-aqm-a107;  19.64;  42.51;   444;   581;   715;   181;     1;     0;  -126;  -126; -10.5; drag-lps8-07; 5; 8; 125000; 6031
2023-03-10 07:37:25; hka-aqm-a107;  19.59;  42.51;   447;   577;  1002;   263;     2;     0;  -126;  -126;  -9.2; drag-lps8-08; 2; 8; 125000; 6032
2023-03-10 07:38:05; hka-aqm-a107;  19.60;  42.54;   443;   588;  1232;   331;     1;     0;  -128;  -128;  -9.5; drag-outd-01; 5; 8; 125000; 6034
2023-03-10 07:38:46; hka-aqm-a107;  19.63;  42.44;   441;   574;   742;   188;     2;     0;  -126;  -126;  -7.5; drag-outd-01; 6; 8; 125000; 6036
2023-03-10 07:39:27; hka-aqm-a107;  19.68;  42.44;   440;   570;   899;   232;     2;     0;  -124;  -124;  -5.5; drag-outd-01; 7; 8; 125000; 6037
2023-03-10 07:40:06; hka-aqm-a107;  19.63;  42.38;   440;   581;  1068;   277;     1;     0;  -128;  -128; -10.8; drag-lps8-08; 2; 8; 125000; 6038
2023-03-10 07:40:46; hka-aqm-a107;  19.66;  42.41;   440;   579;   610;   149;     1;     0;  -129;  -129; -11.0; drag-lps8-08; 1; 8; 125000; 6039
2023-03-10 07:46:47; hka-aqm-a107;  19.66;  42.34;   449;   668;   503;   113;     2;     0;  -129;  -129; -10.8; drag-lps8-02; 7; 8; 125000; 6040
2023-03-10 07:47:27; hka-aqm-a107;  19.72;  42.38;   443;   608;  1423;   363;     1;     0;  -129;  -129;  -9.2; drag-lps8-08; 5; 8; 125000; 6042
2023-03-10 07:56:26; hka-aqm-a107;  19.86;  42.05;   442;   568;  2172;   564;     2;     3;  -126;  -126;  -8.5; drag-lps8-07; 0; 8; 125000; 6043
2023-03-10 07:57:05; hka-aqm-a107;  19.88;  42.05;   445;   575;  2941;   791;     1;     1;  -128;  -128; -10.5; drag-lps8-08; 2; 8; 125000; 6044
2023-03-10 07:57:26; hka-aqm-a107;  19.93;  42.02;   443;   589;  4668;  1297;     2;     1;  -123;  -123;  -4.0; drag-outd-01; 4; 8; 125000; 6045
2023-03-10 07:57:47; hka-aqm-a107;  19.94;  41.98;   442;   554;  5693;  1596;     2;     1;  -127;  -127; -10.2; drag-lps8-08; 1; 8; 125000; 6046
2023-03-10 07:58:06; hka-aqm-a107;  19.91;  41.98;   441;   563;  6668;  1881;     2;     1;  -124;  -124;  -5.8; drag-outd-01; 7; 8; 125000; 6047
2023-03-10 07:59:06; hka-aqm-a107;  19.97;  41.95;   444;   584;  8637;  2466;     1;     1;  -118;  -118;   1.0; drag-outd-01; 3; 8; 125000; 6049
2023-03-10 07:59:26; hka-aqm-a107;  19.95;  41.92;   443;   589;  8746;  2498;     2;     1;  -130;  -130; -10.8; drag-outd-01; 6; 8; 125000; 6050
2023-03-10 07:59:46; hka-aqm-a107;  19.96;  41.92;   442;   585;  8827;  2518;     2;     1;  -119;  -119; nan; drag-outd-01; 3; 8; 125000; 6051
2023-03-10 08:00:06; hka-aqm-a107;  19.95;  41.92;   441;   593;  8764;  2495;     2;     1;  -130;  -130; -11.0; drag-outd-01; 5; 8; 125000; 6052
2023-03-10 08:00:26; hka-aqm-a107;  19.95;  41.89;   441;   562;  8654;  2462;     1;     1;  -126;  -126;  -6.8; drag-outd-01; 0; 8; 125000; 6053
2023-03-10 08:00:46; hka-aqm-a107;  20.00;  41.85;   440;   569;  8583;  2442;     1;     1;  -124;  -124;  -4.5; drag-outd-01; 7; 8; 125000; 6054
2023-03-10 08:01:24; hka-aqm-a107;  20.00;  41.79;   443;   570;  8472;  2408;     1;     1;  -123;  -123;  -9.2; drag-lps8-07; 6; 8; 125000; 6055
2023-03-10 08:01:45; hka-aqm-a107;  20.03;  41.72;   441;   582;  8318;  2360;     1;     0;  -127;  -127; -10.2; drag-lps8-08; 2; 8; 125000; 6056
2023-03-10 08:02:05; hka-aqm-a107;  20.07;  41.69;   440;   586;  8124;  2303;     1;     0;  -120;  -120;  -2.5; drag-outd-01; 4; 8; 125000; 6057
2023-03-10 08:02:26; hka-aqm-a107;  20.06;  41.69;   439;   584;  7965;  2258;     1;     0;  -124;  -124;  -6.5; drag-outd-01; 1; 8; 125000; 6058
2023-03-10 08:02:46; hka-aqm-a107;  20.08;  41.66;   438;   587;  7709;  2188;     1;     0;  -124;  -124;  -5.2; drag-outd-01; 7; 8; 125000; 6059
2023-03-10 08:03:06; hka-aqm-a107;  20.05;  41.59;   438;   598;  7309;  2072;     1;     0;  -119;  -119;  -1.8; drag-outd-01; 4; 8; 125000; 6060
2023-03-10 08:04:06; hka-aqm-a107;  20.12;  41.59;   446;   594;  6426;  1825;     1;     0;  -126;  -126;  -6.8; drag-outd-01; 6; 8; 125000; 6061
2023-03-10 08:04:46; hka-aqm-a107;  20.22;  41.49;   447;   586;  5761;  1639;     1;     0;  -127;  -127;  -9.2; drag-outd-01; 2; 8; 125000; 6062
2023-03-10 08:05:24; hka-aqm-a107;  20.22;  41.40;   448;   581;  1962;   514;     2;     0;  -122;  -122;  -2.0; drag-outd-01; 3; 8; 125000; 6063
2023-03-10 08:06:26; hka-aqm-a107;  20.22;  41.33;   440;   571;   611;   144;     2;     0;  -125;  -125;  -5.8; drag-outd-01; 0; 8; 125000; 6066
2023-03-10 08:07:06; hka-aqm-a107;  20.24;  41.33;   439;   584;   420;    95;     2;     0;  -121;  -121;  -2.2; drag-outd-01; 3; 8; 125000; 6068
2023-03-10 08:08:07; hka-aqm-a107;  20.28;  41.26;   443;   580;   251;    55;     2;     0;  -128;  -128;  -9.5; drag-lps8-08; 7; 8; 125000; 6069
2023-03-10 08:09:06; hka-aqm-a107;  20.30;  41.26;   445;   591;   166;    37;     1;     0;  -119;  -119;  -2.0; drag-outd-01; 0; 8; 125000; 6070
2023-03-10 08:24:38; hka-aqm-a107;  20.14;  41.26;   446;   596;    24;     6;     2;     5;  -130;  -130; -10.2; drag-lps8-08; 0; 8; 125000; 6071
2023-03-10 08:39:47; hka-aqm-a107;  19.87;  41.82;   445;   567;    36;     7;     2;     5;  -127;  -127;  -7.2; drag-outd-01; 6; 8; 125000; 6072
2023-03-10 08:55:07; hka-aqm-a107;  19.79;  42.08;   446;   574;    38;     7;     3;     5;  -127;  -127;  -6.8; drag-outd-01; 7; 8; 125000; 6073
2023-03-10 09:10:26; hka-aqm-a107;  19.73;  42.24;   442;   587;   128;    30;     3;     6;  -125;  -125;  -8.0; drag-lps8-08; 1; 8; 125000; 6074
2023-03-10 09:25:47; hka-aqm-a107;  19.70;  42.34;   444;   566;   126;    29;     3;     6;  -120;  -120;  -0.5; drag-outd-01; 3; 8; 125000; 6076
2023-03-10 09:40:53; hka-aqm-a107;  20.24;  42.38;   478;   605;   287;    59;     2;     4;  -127;  -127;  -7.8; drag-lps8-08; 2; 8; 125000; 6077
2023-03-10 09:55:59; hka-aqm-a107;  20.19;  42.34;   483;   606;   150;    29;     1;     6;  -121;  -121;  -3.8; drag-outd-01; 7; 8; 125000; 6078
2023-03-10 10:11:07; hka-aqm-a107;  20.04;  42.67;   483;   622;   161;    37;     3;     9;  -124;  -124;  -7.5; drag-lps8-08; 1; 8; 125000; 6079
2023-03-10 10:26:13; hka-aqm-a107;  19.89;  43.03;   487;   624;   195;    45;     2;     5;  -119;  -119;  -1.2; drag-outd-01; 3; 8; 125000; 6080
2023-03-10 10:41:20; hka-aqm-a107;  19.91;  44.46;   524;   648;   202;    44;     1;     2;  -128;  -128;  -9.0; drag-lps8-08; 0; 8; 125000; 6081
2023-03-10 10:56:26; hka-aqm-a107;  20.13;  43.61;   593;   661;   207;    43;     3;     9;  -128;  -128; -11.5; drag-lps8-08; 5; 8; 125000; 6082
2023-03-10 11:11:32; hka-aqm-a107;  20.12;  44.75;   647;   663;   176;    36;     2;     4;  -120;  -120;  -1.8; drag-outd-01; 6; 8; 125000; 6083
2023-03-10 11:26:39; hka-aqm-a107;  20.22;  44.78;   663;   681;   224;    46;     2;     3;  -115;  -115;  -0.2; drag-outd-01; 4; 8; 125000; 6084
2023-03-10 11:41:46; hka-aqm-a107;  20.23;  44.78;   670;   795;   194;    41;     4;     9;  -126;  -126;  -7.5; drag-outd-01; 1; 8; 125000; 6085
2023-03-10 11:56:52; hka-aqm-a107;  20.14;  44.78;   647;   710;   159;    37;     0;     3;  -122;  -122;  -3.8; drag-outd-01; 2; 8; 125000; 6086
2023-03-10 12:11:59; hka-aqm-a107;  20.08;  44.52;   577;   694;   298;    68;     1;     3;  -128;  -128; -10.2; drag-lps8-08; 0; 8; 125000; 6087
2023-03-10 12:27:07; hka-aqm-a107;  19.99;  44.46;   545;   695;   315;    72;     4;     9;  -118;  -118;   0.5; drag-outd-01; 7; 8; 125000; 6088
2023-03-10 12:42:13; hka-aqm-a107;  19.94;  44.52;   531;   687;   194;    46;     1;     5;  -128;  -128;  -7.8; drag-outd-01; 3; 8; 125000; 6089
2023-03-10 12:57:19; hka-aqm-a107;  19.92;  44.62;   532;   718;   178;    40;     1;     4;  -125;  -125;  -5.8; drag-outd-01; 4; 8; 125000; 6090
2023-03-10 13:12:26; hka-aqm-a107;  19.88;  44.78;   526;   688;   183;    44;     4;     9;  -122;  -122;  -4.5; drag-outd-01; 6; 8; 125000; 6091
2023-03-10 13:42:38; hka-aqm-a107;  19.80;  45.17;   521;   724;   109;    25;     0;     0;  -119;  -119;  -1.2; drag-outd-01; 4; 8; 125000; 6093
2023-03-10 13:57:47; hka-aqm-a107;  19.82;  45.43;   516;   681;   139;    31;     4;     9;  -130;  -130;  -9.5; drag-outd-01; 7; 8; 125000; 6094
2023-03-10 14:27:59; hka-aqm-a107;  20.13;  45.56;   616;   709;   135;    30;     0;     3;  -127;  -127;  -9.2; drag-outd-01; 5; 8; 125000; 6096
2023-03-10 14:43:07; hka-aqm-a107;  19.94;  45.68;   594;   709;   111;    24;     4;    10;  -124;  -124;  -5.5; drag-lps8-08; 0; 8; 125000; 6097
2023-03-10 14:58:13; hka-aqm-a107;  19.88;  45.65;   572;   718;   104;    23;     3;     2;  -128;  -128;  -8.0; drag-outd-01; 6; 8; 125000; 6098
2023-03-10 15:13:19; hka-aqm-a107;  19.82;  45.59;   563;   725;    79;    17;     1;     1;  -124;  -124;  -5.2; drag-outd-01; 1; 8; 125000; 6099
2023-03-10 15:28:25; hka-aqm-a107;  19.76;  45.56;   550;   753;    54;    12;     4;    10;  -125;  -125; -10.8; drag-lps8-02; 2; 8; 125000; 6100
2023-03-10 15:43:32; hka-aqm-a107;  19.72;  45.49;   537;   712;    58;    12;     2;     3;  -127;  -127;  -9.8; drag-lps8-08; 6; 8; 125000; 6101
2023-03-10 15:58:38; hka-aqm-a107;  19.68;  45.49;   530;   689;    71;    16;     1;     5;  -126;  -126;  -8.2; drag-lps8-08; 5; 8; 125000; 6102
2023-03-10 16:13:46; hka-aqm-a107;  19.67;  45.36;   524;   674;    50;    10;     4;    10;  -126;  -126;  -7.5; drag-lps8-08; 4; 8; 125000; 6103
2023-03-10 16:28:52; hka-aqm-a107;  19.62;  45.43;   522;   725;    44;    10;     2;     4;  -129;  -129;  -9.8; drag-outd-01; 0; 8; 125000; 6104
2023-03-10 16:43:58; hka-aqm-a107;  19.59;  45.26;   513;   699;   121;    31;     0;     0;  -127;  -127;  -8.0; drag-lps8-08; 2; 8; 125000; 6105
2023-03-10 16:52:06; hka-aqm-a107;  19.60;  45.17;   501;   630;   205;    61;     4;    10;  -128;  -128; -10.8; drag-lps8-08; 1; 8; 125000; 6106
2023-03-10 17:07:12; hka-aqm-a107;  19.58;  45.04;   498;   661;   117;    27;     1;     3;  -122;  -122;  -3.2; drag-outd-01; 7; 8; 125000; 6107
2023-03-10 17:22:19; hka-aqm-a107;  19.54;  44.84;   500;   642;    54;    11;     0;     3;  -125;  -125; -10.2; drag-lps8-08; 3; 8; 125000; 6108
2023-03-10 17:37:25; hka-aqm-a107;  19.54;  44.68;   501;   634;    51;    11;     4;     4;  -124;  -124;  -9.5; drag-lps8-02; 6; 8; 125000; 6109
2023-03-10 17:52:31; hka-aqm-a107;  19.50;  44.59;   506;   629;    14;     2;     3;     1;  -118;  -118;  -0.5; drag-outd-01; 1; 8; 125000; 6110
2023-03-10 18:07:38; hka-aqm-a107;  19.47;  44.36;   504;   592;    13;     2;     1;     1;  -123;  -123;  -6.2; drag-lps8-08; 2; 8; 125000; 6111
2023-03-10 18:22:47; hka-aqm-a107;  19.48;  44.07;   503;   622;     9;     1;     4;     8;  -130;  -130;  -9.5; drag-lps8-08; 0; 8; 125000; 6112
2023-03-10 18:37:53; hka-aqm-a107;  19.44;  43.81;   502;   596;     8;     1;     2;     4;  -120;  -120;  -1.8; drag-outd-01; 4; 8; 125000; 6113
2023-03-10 18:52:59; hka-aqm-a107;  19.40;  43.61;   502;   631;     8;     1;     1;     2;  -128;  -128;  -8.5; drag-lps8-08; 7; 8; 125000; 6114
2023-03-10 19:08:05; hka-aqm-a107;  19.36;  43.42;   498;   585;     8;     1;     4;     8;  -122;  -122;  -6.8; drag-lps8-07; 5; 8; 125000; 6115
2023-03-10 19:23:12; hka-aqm-a107;  19.31;  43.16;   498;   582;    11;     3;     2;     0;  -122;  -122;  -9.5; drag-lps8-02; 3; 8; 125000; 6116
2023-03-10 19:38:18; hka-aqm-a107;  19.30;  43.03;   499;   580;     8;     1;     1;     0;  -126;  -126;  -6.0; drag-outd-01; 7; 8; 125000; 6117
2023-03-10 19:53:24; hka-aqm-a107;  19.28;  42.90;   482;   588;     8;     1;     4;     8;  -125;  -125;  -8.0; drag-lps8-07; 4; 8; 125000; 6118
2023-03-10 20:08:31; hka-aqm-a107;  19.24;  42.73;   478;   565;     7;     1;     1;     0;  -118;  -118;   0.5; drag-outd-01; 3; 8; 125000; 6119
2023-03-10 20:23:37; hka-aqm-a107;  19.21;  42.64;   475;   554;     7;     1;     1;     0;  -124;  -124;  -8.5; drag-lps8-07; 5; 8; 125000; 6120
2023-03-10 20:38:46; hka-aqm-a107;  19.14;  42.41;   467;   610;     8;     1;     4;     8;  -126;  -126;  -9.5; drag-lps8-08; 6; 8; 125000; 6121
2023-03-10 20:53:52; hka-aqm-a107;  19.13;  42.24;   459;   576;     8;     1;     2;     0;  -128;  -128;  -9.8; drag-outd-01; 1; 8; 125000; 6122
2023-03-10 21:08:59; hka-aqm-a107;  19.11;  42.08;   457;   575;     8;     1;     1;     0;  -121;  -121;  -2.2; drag-outd-01; 0; 8; 125000; 6123
2023-03-10 21:24:05; hka-aqm-a107;  19.10;  42.08;   460;   563;     7;     1;     4;     8;  -125;  -125; -10.0; drag-lps8-08; 2; 8; 125000; 6124
2023-03-10 21:39:11; hka-aqm-a107;  19.04;  41.85;   457;   590;     7;     1;     2;     0;  -119;  -119;  -0.2; drag-outd-01; 3; 8; 125000; 6125
2023-03-10 21:54:31; hka-aqm-a107;  19.03;  41.85;   458;   577;     7;     1;     1;     0;  -126;  -126; -11.0; drag-lps8-02; 4; 8; 125000; 6127
2023-03-10 22:09:37; hka-aqm-a107;  18.99;  41.79;   453;   530;    10;     3;     1;     0;  -124;  -124;  -6.5; drag-outd-01; 1; 8; 125000; 6128
2023-03-10 22:24:46; hka-aqm-a107;  18.96;  41.66;   459;   573;     7;     1;     4;     8;  -125;  -125;  -7.8; drag-lps8-08; 2; 8; 125000; 6129
2023-03-10 22:39:53; hka-aqm-a107;  18.92;  41.53;   445;   582;     7;     1;     1;     0;  -126;  -126;  -5.8; drag-outd-01; 7; 8; 125000; 6130
2023-03-10 22:54:59; hka-aqm-a107;  18.90;  41.40;   454;   564;     7;     1;     3;     0;  -126;  -126;  -7.8; drag-lps8-08; 5; 8; 125000; 6131
2023-03-10 23:10:06; hka-aqm-a107;  18.85;  41.33;   454;   535;    10;     3;     4;     8;  -128;  -128; -10.5; drag-lps8-02; 0; 8; 125000; 6132
2023-03-10 23:25:12; hka-aqm-a107;  18.84;  41.13;   448;   556;    10;     3;     2;     0;  -125;  -125;  -8.0; drag-lps8-02; 2; 8; 125000; 6133
2023-03-10 23:40:19; hka-aqm-a107;  18.84;  40.94;   442;   561;     7;     1;     1;     0;  -125;  -125;  -7.8; drag-lps8-07; 4; 8; 125000; 6134
2023-03-10 23:55:25; hka-aqm-a107;  18.79;  40.84;   451;   581;     7;     1;     4;     8;  -124;  -124;  -4.8; drag-outd-01; 0; 8; 125000; 6135
