# Logfile LoRaWAN TTN/TTS V3 logger version hka-log V 1.1
date_time;device_id;tmp;hum;CO2;VOC;vis;IR;WIFI;BLE;rssi;channel_rssi;snr;gateway;channel_index;spreading_factor;bandwidth;f_cnt
2023-04-14 00:12:08; hka-aqm-a106;  21.38;  35.86;   464;   829;     6;     0;     2;     0;  -117;  -117;  -1.0; drag-outd-01; 2; 8; 125000; 10135
2023-04-14 00:27:15; hka-aqm-a106;  21.32;  35.89;   466;   785;     6;     0;     5;    24;  -122;  -122;  -5.0; drag-lps8-02; 5; 8; 125000; 10136
2023-04-14 00:42:21; hka-aqm-a106;  21.25;  35.92;   470;   819;     6;     0;     1;     0;  -126;  -126;  -9.5; drag-lps8-02; 7; 8; 125000; 10137
2023-04-14 01:12:36; hka-aqm-a106;  21.18;  35.92;   467;   783;     6;     0;     5;    24;  -120;  -120;  -0.8; drag-outd-01; 2; 8; 125000; 10139
2023-04-14 01:27:54; hka-aqm-a106;  21.14;  35.86;   463;   769;     6;     0;     5;    24;  -121;  -121;  -1.8; drag-outd-01; 1; 8; 125000; 10141
2023-04-14 01:43:16; hka-aqm-a106;  21.10;  35.86;   465;   828;     6;     0;     5;    24;  -119;  -119;  -4.0; drag-lps8-02; 5; 8; 125000; 10142
2023-04-14 01:58:36; hka-aqm-a106;  21.07;  35.86;   460;   754;     6;     0;     5;    24;  -120;  -120;  -4.8; drag-lps8-02; 5; 8; 125000; 10143
2023-04-14 02:13:56; hka-aqm-a106;  21.02;  35.82;   457;   776;     6;     1;     1;     0;  -122;  -122;  -9.5; drag-lps8-02; 6; 8; 125000; 10144
2023-04-14 02:29:15; hka-aqm-a106;  21.03;  35.72;   461;   751;     8;     3;     5;    24;  -120;  -120; -11.0; drag-lps8-02; 3; 8; 125000; 10145
2023-04-14 02:44:46; hka-aqm-a106;  21.04;  35.66;   456;   748;     6;     0;     1;     0;  -124;  -124;  -9.5; drag-lps8-02; 7; 8; 125000; 10147
2023-04-14 03:00:04; hka-aqm-a106;  21.15;  35.39;   453;   747;     6;     2;     3;     0;  -123;  -123; -11.0; drag-lps8-02; 6; 8; 125000; 10149
2023-04-14 03:15:36; hka-aqm-a106;  21.32;  34.99;   458;   806;     6;     0;     2;     0;  -119;  -119; -10.2; drag-lps8-02; 3; 8; 125000; 10150
2023-04-14 03:31:07; hka-aqm-a106;  21.46;  34.66;   455;   734;     8;     3;     2;     0;  -128;  -128;  -7.8; drag-outd-01; 4; 8; 125000; 10151
2023-04-14 03:46:38; hka-aqm-a106;  21.50;  34.52;   457;   708;     6;     0;     5;    24;  -125;  -125;  -5.2; drag-outd-01; 3; 8; 125000; 10152
2023-04-14 04:01:57; hka-aqm-a106;  21.48;  34.46;   451;   730;     6;     2;     5;    24;  -124;  -124;  -5.5; drag-outd-01; 4; 8; 125000; 10154
2023-04-14 04:17:16; hka-aqm-a106;  21.44;  34.52;   452;   728;     6;     0;     5;    24;  -124;  -124; -10.8; drag-lps8-02; 6; 8; 125000; 10155
2023-04-14 04:32:37; hka-aqm-a106;  21.38;  34.46;   460;   708;     8;     3;     5;    24;  -123;  -123;  -8.0; drag-lps8-02; 7; 8; 125000; 10156
2023-04-14 04:47:56; hka-aqm-a106;  21.39;  34.39;   450;   715;     6;     1;     5;    24;  -124;  -124;  -6.2; drag-outd-01; 1; 8; 125000; 10157
2023-04-14 05:03:17; hka-aqm-a106;  21.38;  34.29;   450;   673;     8;     2;     3;     0;  -118;  -118;  -5.0; drag-lps8-02; 4; 8; 125000; 10158
2023-04-14 05:18:37; hka-aqm-a106;  21.37;  34.12;   451;   687;     6;     1;     5;    24;  -117;  -117; nan; drag-outd-01; 2; 8; 125000; 10159
2023-04-14 05:33:56; hka-aqm-a106;  21.40;  33.99;   450;   673;     6;     1;     5;    24;  -124;  -124;  -9.8; drag-lps8-02; 1; 8; 125000; 10161
2023-04-14 05:49:02; hka-aqm-a106;  21.40;  33.89;   447;   680;     6;     2;     5;    24;  -115;  -115;   1.5; drag-outd-01; 2; 8; 125000; 10162
2023-04-14 06:04:08; hka-aqm-a106;  21.37;  33.76;   449;   656;     6;     0;     5;    24;  -119;  -119;   0.8; drag-outd-01; 3; 8; 125000; 10163
2023-04-14 06:19:16; hka-aqm-a106;  21.37;  33.92;   449;   654;    27;     3;     2;     0;  -120;  -120;  -0.5; drag-outd-01; 0; 8; 125000; 10164
2023-04-14 07:04:37; hka-aqm-a106;  20.87;  32.72;   437;   558;   171;    49;     5;    24;  -125;  -125; -10.0; drag-lps8-02; 4; 8; 125000; 10167
2023-04-14 08:05:02; hka-aqm-a106;  21.21;  34.49;   459;   617;   267;    67;     5;    24;  -114;  -114; nan; drag-outd-01; 1; 8; 125000; 10171
2023-04-14 08:20:09; hka-aqm-a106;  21.42;  33.59;   461;   649;   262;    66;     1;     1;  -114;  -114;   2.0; drag-outd-01; 2; 8; 125000; 10172
2023-04-14 08:35:16; hka-aqm-a106;  21.38;  32.99;   456;   621;   263;    67;     5;    24;  -123;  -123;  -6.0; drag-outd-01; 5; 8; 125000; 10173
2023-04-14 09:05:28; hka-aqm-a106;  22.21;  31.41;   468;   679;   290;    73;     5;    24;  -130;  -130;  -9.5; drag-outd-01; 0; 8; 125000; 10175
2023-04-14 09:20:35; hka-aqm-a106;  22.35;  30.97;   464;   597;   274;    71;     5;    24;  -124;  -124;  -9.0; drag-lps8-02; 4; 8; 125000; 10176
2023-04-14 09:35:54; hka-aqm-a106;  22.26;  31.51;   459;   604;   269;    67;     5;    24;  -126;  -126;  -6.2; drag-outd-01; 3; 8; 125000; 10178
2023-04-14 09:51:25; hka-aqm-a106;  22.60;  31.31;   481;   692;   243;    60;     5;    24;  -122;  -122; -10.2; drag-lps8-02; 1; 8; 125000; 10179
2023-04-14 10:06:56; hka-aqm-a106;  23.05;  31.10;   514;   712;   216;    52;     2;    18;  -130;  -130;  -9.5; drag-outd-01; 7; 8; 125000; 10180
2023-04-14 10:22:27; hka-aqm-a106;  23.23;  30.60;   511;   704;   211;    52;     3;    12;  -123;  -123;  -8.8; drag-lps8-02; 1; 8; 125000; 10181
2023-04-14 10:37:58; hka-aqm-a106;  23.42;  30.43;   511;   705;   202;    49;     5;    24;  -120;  -120;  -1.0; drag-outd-01; 3; 8; 125000; 10183
2023-04-14 10:53:18; hka-aqm-a106;  23.53;  30.29;   520;   715;   196;    48;     5;    24;  -128;  -128;  -7.5; drag-outd-01; 7; 8; 125000; 10184
2023-04-14 11:08:37; hka-aqm-a106;  23.70;  29.96;   516;   697;   191;    47;     5;    24;  -127;  -127; -10.2; drag-lps8-02; 5; 8; 125000; 10185
2023-04-14 11:23:57; hka-aqm-a106;  23.90;  29.62;   517;   687;   187;    48;     5;    24;  -118;  -118;  -6.0; drag-lps8-02; 2; 8; 125000; 10186
2023-04-14 11:39:18; hka-aqm-a106;  24.13;  29.08;   530;   686;   181;    45;     0;     4;  -126;  -126;  -9.5; drag-lps8-02; 7; 8; 125000; 10187
2023-04-14 11:54:38; hka-aqm-a106;  24.20;  29.01;   528;   797;   178;    45;     5;    24;  -122;  -122;  -4.0; drag-outd-01; 6; 8; 125000; 10188
2023-04-14 12:09:57; hka-aqm-a106;  24.38;  28.70;   535;   860;   174;    45;     1;     6;  -123;  -123;  -7.8; drag-lps8-02; 0; 8; 125000; 10189
2023-04-14 12:25:17; hka-aqm-a106;  24.46;  28.09;   529;   839;   177;    46;     5;    24;  -116;  -116;  -1.2; drag-outd-01; 1; 8; 125000; 10190
2023-04-14 12:40:38; hka-aqm-a106;  24.49;  27.92;   532;   698;   175;    46;     5;    24;  -127;  -127;  -8.2; drag-outd-01; 4; 8; 125000; 10191
2023-04-14 13:10:56; hka-aqm-a106;  24.63;  27.79;   552;   703;   109;    24;     5;    24;  -121;  -121;  -7.8; drag-lps8-02; 1; 8; 125000; 10193
2023-04-14 13:21:09; hka-aqm-a106;  24.60;  27.58;   565;   712;   147;    36;     2;    12;  -122;  -122;  -4.2; drag-outd-01; 2; 8; 125000; 10194
2023-04-14 13:36:17; hka-aqm-a106;  24.50;  27.51;   566;   785;   175;    47;     3;    15;  -128;  -128;  -8.2; drag-outd-01; 0; 8; 125000; 10195
2023-04-14 13:51:37; hka-aqm-a106;  24.52;  27.31;   579;   861;    95;    18;     3;    15;  -126;  -126;  -6.5; drag-outd-01; 3; 8; 125000; 10196
2023-04-14 14:06:58; hka-aqm-a106;  24.50;  26.97;   542;   757;   160;    41;     3;    15;  -117;  -117;   1.5; drag-outd-01; 2; 8; 125000; 10197
2023-04-14 14:22:18; hka-aqm-a106;  24.52;  26.63;   549;   738;   165;    42;     3;    15;  -126;  -126;  -6.0; drag-outd-01; 7; 8; 125000; 10198
2023-04-14 14:37:37; hka-aqm-a106;  24.56;  26.63;   535;   752;   177;    46;     3;    15;  -128;  -128;  -6.8; drag-outd-01; 3; 8; 125000; 10199
2023-04-14 14:52:58; hka-aqm-a106;  24.56;  26.46;   543;   673;   175;    49;     3;    15;  -117;  -117; nan; drag-outd-01; 1; 8; 125000; 10200
2023-04-14 15:08:18; hka-aqm-a106;  24.52;  26.12;   525;   606;   163;    43;     3;    16;  -122;  -122;  -3.0; drag-outd-01; 3; 8; 125000; 10201
2023-04-14 15:23:38; hka-aqm-a106;  24.58;  26.15;   536;   667;   167;    43;     3;    16;  -123;  -123;  -3.8; drag-outd-01; 6; 8; 125000; 10202
2023-04-14 15:39:10; hka-aqm-a106;  24.64;  26.22;   541;   677;   156;    37;     3;    16;  -126;  -126;  -7.8; drag-outd-01; 7; 8; 125000; 10203
2023-04-14 15:54:18; hka-aqm-a106;  24.59;  26.08;   540;   632;   162;    41;     3;    16;  -124;  -124;  -4.5; drag-outd-01; 1; 8; 125000; 10204
2023-04-14 16:09:38; hka-aqm-a106;  24.45;  26.18;   543;   643;   151;    38;     3;    16;  -127;  -127;  -8.0; drag-outd-01; 6; 8; 125000; 10206
2023-04-14 16:24:58; hka-aqm-a106;  24.32;  26.08;   543;   619;   138;    37;     3;    16;  -122;  -122;  -4.5; drag-outd-01; 0; 8; 125000; 10207
2023-04-14 16:40:18; hka-aqm-a106;  24.19;  25.60;   525;   634;   144;    35;     3;    16;  -125;  -125;  -6.0; drag-outd-01; 1; 8; 125000; 10208
2023-04-14 16:55:39; hka-aqm-a106;  24.22;  25.26;   532;   614;   166;    39;     3;    16;  -126;  -126;  -6.0; drag-outd-01; 4; 8; 125000; 10210
2023-04-14 17:10:59; hka-aqm-a106;  24.30;  25.47;   548;   669;   133;    35;     3;    16;  -126;  -126;  -8.2; drag-outd-01; 1; 8; 125000; 10211
2023-04-14 17:26:19; hka-aqm-a106;  24.17;  25.81;   567;   796;   143;    36;     3;    16;  -130;  -130; -10.5; drag-outd-01; 5; 8; 125000; 10212
2023-04-14 17:41:39; hka-aqm-a106;  24.08;  25.64;   541;   745;   135;    34;     3;    16;  -131;  -131;  -9.8; drag-outd-01; 3; 8; 125000; 10213
2023-04-14 17:56:59; hka-aqm-a106;  23.92;  26.22;   542;   799;   118;    29;     3;    16;  -129;  -129;  -9.8; drag-outd-01; 6; 8; 125000; 10215
2023-04-14 20:43:26; hka-aqm-a106;  22.65;  27.24;   496;   779;     6;     2;     3;    16;  -130;  -130; -11.2; drag-outd-01; 2; 9; 125000; 10227
2023-04-14 20:58:55; hka-aqm-a106;  22.60;  27.17;   484;   734;    16;     1;     3;    16;  -128;  -128;  -7.5; drag-outd-01; 1; 9; 125000; 10229
2023-04-14 21:14:26; hka-aqm-a106;  22.47;  27.45;   485;   717;     6;     0;     3;    16;  -118;  -118;  -6.5; drag-lps8-02; 4; 9; 125000; 10230
2023-04-14 21:29:55; hka-aqm-a106;  22.38;  27.58;   489;   721;     6;     0;     3;    16;  -133;  -133; -13.2; drag-outd-01; 6; 9; 125000; 10231
2023-04-14 21:45:24; hka-aqm-a106;  22.30;  27.65;   486;   688;     6;     1;     3;    16;  -126;  -126;  -5.8; drag-outd-01; 2; 9; 125000; 10232
2023-04-14 22:00:53; hka-aqm-a106;  22.24;  27.72;   484;   695;     6;     0;     3;    16;  -123;  -123;  -8.0; drag-lps8-02; 5; 9; 125000; 10233
2023-04-14 22:16:22; hka-aqm-a106;  22.16;  27.79;   480;   695;     6;     0;     3;    16;  -121;  -121;  -8.8; drag-lps8-02; 4; 9; 125000; 10234
2023-04-14 22:31:51; hka-aqm-a106;  22.08;  27.85;   475;   678;     6;     0;     3;    16;  -122;  -122;  -7.8; drag-lps8-02; 4; 9; 125000; 10235
2023-04-14 22:47:20; hka-aqm-a106;  21.96;  27.99;   483;   636;     6;     0;     3;    16;  -121;  -121; -11.8; drag-lps8-02; 3; 9; 125000; 10236
2023-04-14 23:02:49; hka-aqm-a106;  21.88;  28.06;   477;   643;     8;     3;     3;    16;  -122;  -122; -11.2; drag-lps8-02; 6; 9; 125000; 10237
2023-04-14 23:18:20; hka-aqm-a106;  21.81;  28.13;   473;   641;     6;     1;     3;    16;  -128;  -128; -13.2; drag-lps8-07; 7; 9; 125000; 10238
2023-04-14 23:33:49; hka-aqm-a106;  21.75;  28.19;   473;   666;     6;     0;     3;    16;  -121;  -121; -12.8; drag-lps8-02; 3; 9; 125000; 10240
2023-04-14 23:48:56; hka-aqm-a106;  21.69;  28.26;   473;   595;     6;     2;     3;    16;  -128;  -128;  -9.8; drag-outd-01; 1; 9; 125000; 10241
