# Logfile LoRaWAN TTN/TTS V3 logger version hka-log V 1.1
date_time;device_id;tmp;hum;CO2;VOC;vis;IR;WIFI;BLE;rssi;channel_rssi;snr;gateway;channel_index;spreading_factor;bandwidth;f_cnt
2023-04-10 00:10:12; hka-aqm-a107;  19.84;  30.23;   412;   811;     7;     1;     2;     0;  -120;  -120;  -8.5; drag-lps8-07; 6; 8; 125000; 12633
2023-04-10 00:25:19; hka-aqm-a107;  19.81;  30.29;   404;   779;    10;     3;     3;     0;  -121;  -121;  -7.0; drag-lps8-07; 4; 8; 125000; 12634
2023-04-10 00:40:25; hka-aqm-a107;  19.77;  30.29;   406;   736;     7;     1;     3;     0;  -120;  -120;  -6.5; drag-lps8-07; 7; 8; 125000; 12635
2023-04-10 00:55:31; hka-aqm-a107;  19.72;  30.40;   413;   779;     7;     1;     3;     0;  -120;  -120;  -7.5; drag-lps8-07; 2; 8; 125000; 12636
2023-04-10 01:10:39; hka-aqm-a107;  19.67;  30.43;   413;   745;     7;     1;     3;     0;  -121;  -121;  -8.8; drag-lps8-07; 1; 8; 125000; 12637
2023-04-10 01:25:45; hka-aqm-a107;  19.63;  30.50;   414;   765;     7;     1;     3;     0;  -118;  -118;   1.2; drag-outd-01; 3; 8; 125000; 12638
2023-04-10 01:40:51; hka-aqm-a107;  19.60;  30.56;   423;   756;    10;     3;     3;     0;  -125;  -125; -11.2; drag-lps8-02; 1; 8; 125000; 12639
2023-04-10 01:56:00; hka-aqm-a107;  19.56;  30.56;   413;   745;     7;     1;     3;     0;  -121;  -121;  -8.2; drag-lps8-07; 6; 8; 125000; 12640
2023-04-10 02:11:06; hka-aqm-a107;  19.54;  30.63;   419;   741;    10;     3;     3;     0;  -124;  -124;  -7.5; drag-lps8-02; 7; 8; 125000; 12641
2023-04-10 02:26:12; hka-aqm-a107;  19.50;  30.70;   415;   798;     9;     2;     1;     0;  -122;  -122;  -8.5; drag-lps8-07; 4; 8; 125000; 12642
2023-04-10 02:41:19; hka-aqm-a107;  19.46;  30.77;   417;   769;     7;     1;     3;     0;  -120;  -120;  -5.5; drag-lps8-07; 0; 8; 125000; 12643
2023-04-10 02:56:25; hka-aqm-a107;  19.44;  30.80;   420;   794;    10;     3;     3;     0;  -117;  -117;  -0.2; drag-outd-01; 2; 8; 125000; 12644
2023-04-10 03:11:31; hka-aqm-a107;  19.39;  30.87;   421;   715;     7;     1;     2;     0;  -122;  -122;  -4.8; drag-outd-01; 5; 8; 125000; 12645
2023-04-10 03:26:39; hka-aqm-a107;  19.38;  30.90;   430;   723;     7;     1;     3;     0;  -120;  -120;  -7.5; drag-lps8-07; 6; 8; 125000; 12646
2023-04-10 03:41:46; hka-aqm-a107;  19.34;  31.00;   423;   681;     7;     1;     3;     0;  -118;  -118;   1.2; drag-outd-01; 3; 8; 125000; 12647
2023-04-10 03:56:52; hka-aqm-a107;  19.34;  31.00;   429;   688;    10;     3;     0;     0;  -118;  -118;  -0.5; drag-outd-01; 2; 8; 125000; 12648
2023-04-10 04:11:58; hka-aqm-a107;  19.28;  31.10;   429;   680;     7;     1;     3;     0;  -123;  -123;  -7.8; drag-outd-01; 1; 8; 125000; 12649
2023-04-10 04:27:04; hka-aqm-a107;  19.24;  31.10;   433;   648;     7;     1;     3;     0;  -117;  -117;   0.5; drag-outd-01; 4; 8; 125000; 12650
2023-04-10 04:42:11; hka-aqm-a107;  19.23;  31.10;   425;   635;     7;     1;     2;     0;  -122;  -122;  -8.5; drag-lps8-07; 5; 8; 125000; 12651
2023-04-10 04:57:19; hka-aqm-a107;  19.20;  31.17;   427;   670;     7;     1;     3;     0;  -121;  -121;  -7.8; drag-lps8-07; 7; 8; 125000; 12652
2023-04-10 05:12:25; hka-aqm-a107;  19.17;  31.17;   426;   634;    10;     1;     3;     0;  -120;  -120;  -5.5; drag-lps8-07; 0; 8; 125000; 12653
2023-04-10 05:27:31; hka-aqm-a107;  19.15;  31.17;   425;   651;     7;     1;     2;     0;  -124;  -124;  -6.5; drag-outd-01; 6; 8; 125000; 12654
2023-04-10 05:42:38; hka-aqm-a107;  19.14;  31.20;   423;   642;    10;     3;     3;     0;  -117;  -117;   1.5; drag-outd-01; 3; 8; 125000; 12655
2023-04-10 05:57:44; hka-aqm-a107;  19.04;  31.27;   439;   672;    10;     3;     3;     0;  -122;  -122;  -8.0; drag-lps8-07; 2; 8; 125000; 12656
2023-04-10 06:12:50; hka-aqm-a107;  18.85;  31.37;   417;   613;    10;     3;     1;     0;  -115;  -115;  -2.2; drag-outd-01; 1; 8; 125000; 12657
2023-04-10 06:27:59; hka-aqm-a107;  18.72;  31.24;   428;   561;    27;    11;     3;     0;  -126;  -126;  -6.2; drag-outd-01; 0; 8; 125000; 12658
2023-04-10 06:43:06; hka-aqm-a107;  18.64;  31.17;   418;   595;    70;    23;     3;     0;  -121;  -121;  -7.0; drag-lps8-07; 4; 8; 125000; 12659
2023-04-10 06:58:12; hka-aqm-a107;  18.60;  31.10;   419;   618;   165;    50;     0;     0;  -120;  -120;  -3.2; drag-outd-01; 5; 8; 125000; 12660
2023-04-10 07:12:19; hka-aqm-a107;  18.63;  31.04;   409;   625;   618;   206;     3;     0;  -120;  -120;  -6.0; drag-lps8-02; 7; 8; 125000; 12661
2023-04-10 07:12:38; hka-aqm-a107;  18.64;  31.04;   409;   626;   674;   225;     1;     0;  -122;  -122;  -8.8; drag-lps8-07; 6; 8; 125000; 12662
2023-04-10 07:12:58; hka-aqm-a107;  18.59;  31.04;   409;   630;   754;   254;     1;     0;  -120;  -120;  -6.2; drag-lps8-07; 0; 8; 125000; 12663
2023-04-10 07:13:38; hka-aqm-a107;  18.60;  31.07;   413;   695;   906;   305;     0;     0;  -118;  -118;   0.5; drag-outd-01; 3; 8; 125000; 12664
2023-04-10 07:13:59; hka-aqm-a107;  18.59;  31.04;   413;   661;   975;   329;     0;     0;  -118;  -118;  -0.8; drag-outd-01; 2; 8; 125000; 12665
2023-04-10 07:17:59; hka-aqm-a107;  18.64;  31.04;   409;   674;  1116;   368;     3;     0;  -120;  -120;  -2.5; drag-outd-01; 5; 8; 125000; 12666
2023-04-10 07:18:18; hka-aqm-a107;  18.68;  31.04;   409;   654;  1196;   394;     1;     0;  -127;  -127;  -7.2; drag-outd-01; 7; 8; 125000; 12667
2023-04-10 07:18:39; hka-aqm-a107;  18.64;  30.97;   409;   637;  1278;   421;     1;     0;  -124;  -124;  -9.5; drag-lps8-02; 1; 8; 125000; 12668
2023-04-10 07:18:58; hka-aqm-a107;  18.61;  31.04;   409;   626;  1353;   445;     0;     0;  -122;  -122;  -7.5; drag-lps8-07; 4; 8; 125000; 12669
2023-04-10 07:19:39; hka-aqm-a107;  18.61;  30.97;   413;   626;  1507;   496;     0;     0;  -118;  -118;   1.8; drag-outd-01; 3; 8; 125000; 12670
2023-04-10 07:20:19; hka-aqm-a107;  18.62;  31.04;   416;   613;  1584;   519;     1;     0;  -122;  -122;  -8.0; drag-lps8-07; 4; 8; 125000; 12671
2023-04-10 07:23:39; hka-aqm-a107;  18.65;  30.90;   410;   649;  1509;   489;     2;     0;  -121;  -121;  -6.2; drag-lps8-02; 0; 8; 125000; 12672
2023-04-10 07:23:58; hka-aqm-a107;  18.73;  30.97;   409;   655;  1405;   457;     1;     0;  -122;  -122;  -8.2; drag-lps8-07; 2; 8; 125000; 12673
2023-04-10 07:24:39; hka-aqm-a107;  18.63;  30.94;   408;   622;  1315;   425;     1;     0;  -122;  -122;  -8.5; drag-lps8-07; 5; 8; 125000; 12674
2023-04-10 07:24:58; hka-aqm-a107;  18.63;  30.90;   408;   621;  1260;   408;     1;     0;  -123;  -123;  -9.8; drag-lps8-02; 1; 8; 125000; 12675
2023-04-10 07:25:18; hka-aqm-a107;  18.66;  30.97;   408;   612;  1208;   392;     0;     0;  -124;  -124;  -7.5; drag-outd-01; 6; 8; 125000; 12676
2023-04-10 07:40:24; hka-aqm-a107;  18.66;  30.83;   406;   625;  1063;   303;     2;     0;  -123;  -123;  -4.0; drag-outd-01; 7; 8; 125000; 12677
2023-04-10 07:46:38; hka-aqm-a107;  18.69;  30.83;   408;   614;  1553;   432;     3;     0;  -124;  -124;  -4.0; drag-outd-01; 0; 8; 125000; 12679
2023-04-10 07:47:37; hka-aqm-a107;  18.66;  30.77;   411;   598;  1657;   462;     1;     0;  -128;  -128;  -9.2; drag-outd-01; 7; 8; 125000; 12680
2023-04-10 07:47:58; hka-aqm-a107;  18.75;  30.77;   409;   612;  1758;   490;     1;     0;  -121;  -121;  -7.2; drag-lps8-02; 5; 8; 125000; 12681
2023-04-10 07:48:37; hka-aqm-a107;  18.71;  30.73;   411;   604;  1813;   506;     1;     0;  -118;  -118;   1.2; drag-outd-01; 3; 8; 125000; 12682
2023-04-10 07:49:19; hka-aqm-a107;  18.68;  30.70;   407;   662;  1957;   544;     2;     0;  -117;  -117;   0.2; drag-outd-01; 4; 8; 125000; 12683
2023-04-10 07:49:38; hka-aqm-a107;  18.68;  30.77;   406;   642;  2024;   562;     2;     0;  -124;  -124;  -9.2; drag-lps8-02; 2; 8; 125000; 12684
2023-04-10 07:49:58; hka-aqm-a107;  18.71;  30.70;   405;   633;  2112;   586;     3;     0;  -123;  -123;  -9.2; drag-lps8-07; 1; 8; 125000; 12685
2023-04-10 07:50:18; hka-aqm-a107;  18.71;  30.73;   406;   627;  2203;   611;     3;     0;  -121;  -121;  -8.2; drag-lps8-02; 6; 8; 125000; 12686
2023-04-10 07:50:39; hka-aqm-a107;  18.69;  30.73;   406;   614;  2309;   641;     1;     0;  -122;  -122;  -8.0; drag-lps8-07; 4; 8; 125000; 12687
2023-04-10 07:50:58; hka-aqm-a107;  18.67;  30.70;   406;   613;  2406;   669;     1;     0;  -117;  -117;  -3.2; drag-outd-01; 5; 8; 125000; 12688
2023-04-10 07:51:18; hka-aqm-a107;  18.66;  30.73;   406;   609;  2527;   704;     1;     0;  -123;  -123;  -8.8; drag-lps8-07; 2; 8; 125000; 12689
2023-04-10 07:51:38; hka-aqm-a107;  18.65;  30.73;   405;   604;  2700;   752;     2;     0;  -123;  -123; -11.0; drag-lps8-07; 3; 8; 125000; 12690
2023-04-10 07:51:58; hka-aqm-a107;  18.63;  30.73;   405;   621;  2945;   822;     2;     0;  -122;  -122;  -7.0; drag-lps8-07; 0; 8; 125000; 12691
2023-04-10 07:52:18; hka-aqm-a107;  18.64;  30.70;   405;   631;  3309;   926;     2;     0;  -123;  -123;  -6.2; drag-lps8-02; 7; 8; 125000; 12692
2023-04-10 07:52:38; hka-aqm-a107;  18.72;  30.70;   406;   625;  3752;  1049;     0;     0;  -122;  -122;  -8.2; drag-lps8-02; 1; 8; 125000; 12693
2023-04-10 07:52:58; hka-aqm-a107;  18.70;  30.63;   405;   615;  4416;  1232;     0;     0;  -125;  -125;  -9.8; drag-lps8-02; 4; 8; 125000; 12694
2023-04-10 07:53:19; hka-aqm-a107;  18.64;  30.63;   405;   600;  4962;  1380;     0;     0;  -120;  -120;  -7.5; drag-lps8-02; 1; 8; 125000; 12695
2023-04-10 07:53:39; hka-aqm-a107;  18.68;  30.67;   405;   626;  5227;  1453;     0;     0;  -114;  -114;   2.0; drag-outd-01; 3; 8; 125000; 12696
2023-04-10 07:53:59; hka-aqm-a107;  18.67;  30.63;   405;   626;  5896;  1633;     0;     0;  -125;  -125;  -5.8; drag-outd-01; 7; 8; 125000; 12697
2023-04-10 07:54:18; hka-aqm-a107;  18.70;  30.63;   405;   617;  6242;  1729;     0;     0;  -113;  -113;  -0.2; drag-outd-01; 2; 8; 125000; 12698
2023-04-10 07:54:38; hka-aqm-a107;  18.64;  30.63;   405;   616;  6421;  1776;     1;     0;  -120;  -120;  -5.5; drag-lps8-02; 0; 8; 125000; 12699
2023-04-10 07:54:58; hka-aqm-a107;  18.71;  30.63;   405;   605;  6544;  1805;     1;     0;  -123;  -123;  -8.2; drag-lps8-07; 5; 8; 125000; 12700
2023-04-10 07:55:18; hka-aqm-a107;  18.75;  30.63;   405;   619;  6728;  1854;     2;     0;  -126;  -126;  -5.8; drag-outd-01; 6; 8; 125000; 12701
2023-04-10 07:55:39; hka-aqm-a107;  18.70;  30.63;   405;   607;  7188;  1976;     2;     0;  -129;  -129;  -8.8; drag-outd-01; 7; 8; 125000; 12702
2023-04-10 07:55:59; hka-aqm-a107;  18.76;  30.63;   404;   603;  7693;  2114;     1;     0;  -122;  -122;  -8.0; drag-lps8-07; 5; 8; 125000; 12703
2023-04-10 07:56:19; hka-aqm-a107;  18.72;  30.56;   403;   598;  8262;  2269;     1;     0;  -123;  -123; -12.2; drag-lps8-07; 3; 8; 125000; 12704
2023-04-10 07:56:39; hka-aqm-a107;  18.72;  30.60;   402;   629;  8744;  2399;     1;     0;  -120;  -120;  -8.2; drag-lps8-07; 6; 8; 125000; 12705
2023-04-10 07:56:59; hka-aqm-a107;  18.70;  30.60;   402;   569;  9168;  2516;     2;     0;  -125;  -125; -10.8; drag-lps8-02; 2; 8; 125000; 12706
2023-04-10 07:57:38; hka-aqm-a107;  18.68;  30.56;   406;   585; 10321;  2828;     2;     0;  -115;  -115;   0.5; drag-outd-01; 4; 8; 125000; 12707
2023-04-10 07:57:58; hka-aqm-a107;  18.70;  30.56;   404;   590; 10852;  2974;     2;     0;  -122;  -122;  -6.8; drag-lps8-07; 0; 8; 125000; 12708
2023-04-10 07:58:18; hka-aqm-a107;  18.73;  30.56;   404;   607; 11327;  3102;     0;     0;  -114;  -114;  -1.5; drag-outd-01; 1; 8; 125000; 12709
2023-04-10 07:58:38; hka-aqm-a107;  18.73;  30.53;   404;   607; 11925;  3265;     0;     0;  -118;  -118;   1.2; drag-outd-01; 3; 8; 125000; 12710
2023-04-10 07:58:58; hka-aqm-a107;  18.77;  30.53;   404;   613; 12300;  3366;     0;     0;  -116;  -116;   0.8; drag-outd-01; 4; 8; 125000; 12711
2023-04-10 07:59:18; hka-aqm-a107;  18.75;  30.50;   403;   618; 12221;  3341;     0;     0;  -118;  -118;  -7.2; drag-outd-01; 5; 8; 125000; 12712
2023-04-10 07:59:58; hka-aqm-a107;  18.77;  30.50;   402;   653; 12276;  3347;     1;     0;  -124;  -124; -10.0; drag-lps8-02; 6; 8; 125000; 12713
2023-04-10 08:00:38; hka-aqm-a107;  18.82;  30.43;   406;   638; 12410;  3384;     1;     0;  -123;  -123;  -9.8; drag-lps8-07; 2; 8; 125000; 12714
2023-04-10 08:01:19; hka-aqm-a107;  18.80;  30.43;   403;   625; 12652;  3455;     1;     0;  -122;  -122;  -7.5; drag-lps8-02; 7; 8; 125000; 12715
2023-04-10 08:01:58; hka-aqm-a107;  18.88;  30.36;   402;   617; 12805;  3501;     1;     0;  -122;  -122;  -9.5; drag-lps8-07; 1; 8; 125000; 12716
2023-04-10 08:02:18; hka-aqm-a107;  18.90;  30.36;   403;   607; 12893;  3524;     1;     0;  -122;  -122;  -2.5; drag-outd-01; 0; 8; 125000; 12717
2023-04-10 08:03:18; hka-aqm-a107;  18.88;  30.29;   403;   629; 12798;  3489;     2;     0;  -122;  -122;  -8.5; drag-lps8-07; 6; 8; 125000; 12718
2023-04-10 08:03:58; hka-aqm-a107;  18.94;  30.26;   403;   622; 12894;  3501;     1;     0;  -122;  -122;  -8.8; drag-lps8-02; 2; 8; 125000; 12719
2023-04-10 08:04:37; hka-aqm-a107;  18.92;  30.23;   407;   616; 13265;  3591;     1;     0;  -123;  -123;  -6.2; drag-lps8-02; 7; 8; 125000; 12720
2023-04-10 08:04:58; hka-aqm-a107;  18.97;  30.26;   406;   612; 14089;  3801;     1;     0;  -122;  -122;  -6.8; drag-lps8-02; 0; 8; 125000; 12721
2023-04-10 08:05:18; hka-aqm-a107;  18.92;  30.16;   405;   614; 14890;  4013;     3;     0;  -117;  -117;  -0.2; drag-outd-01; 4; 8; 125000; 12722
2023-04-10 08:05:59; hka-aqm-a107;  19.00;  30.16;   409;   601; 16344;  4390;     3;     0;  -118;  -118;   0.5; drag-outd-01; 3; 8; 125000; 12723
2023-04-10 08:06:37; hka-aqm-a107;  19.02;  30.16;   411;   596; 16608;  4456;     1;     0;  -122;  -122;  -8.2; drag-lps8-07; 5; 8; 125000; 12724
2023-04-10 08:06:57; hka-aqm-a107;  19.06;  30.09;   409;   601; 16824;  4510;     1;     0;  -119;  -119;  -1.2; drag-outd-01; 1; 8; 125000; 12725
2023-04-10 08:07:19; hka-aqm-a107;  19.00;  30.02;   406;   558; 16366;  4370;     1;     0;  -118;  -118;   1.5; drag-outd-01; 3; 8; 125000; 12726
2023-04-10 08:07:39; hka-aqm-a107;  19.07;  30.02;   404;   570; 16495;  4399;     1;     0;  -122;  -122;  -3.2; drag-outd-01; 7; 8; 125000; 12727
2023-04-10 08:08:17; hka-aqm-a107;  19.08;  29.96;   407;   570; 18085;  4822;     1;     0;  -124;  -124;  -8.5; drag-lps8-02; 4; 8; 125000; 12728
2023-04-10 08:08:59; hka-aqm-a107;  19.11;  29.89;   409;   576; 19177;  5108;     1;     0;  -124;  -124;  -7.0; drag-lps8-02; 0; 8; 125000; 12729
2023-04-10 08:09:19; hka-aqm-a107;  19.11;  29.89;   406;   581; 19988;  5323;     1;     0;  -117;  -117;  -1.2; drag-outd-01; 1; 8; 125000; 12730
2023-04-10 08:09:38; hka-aqm-a107;  19.12;  29.89;   404;   591; 20949;  5574;     1;     0;  -115;  -115;   0.5; drag-outd-01; 2; 8; 125000; 12731
2023-04-10 08:09:59; hka-aqm-a107;  19.20;  29.89;   403;   588; 21857;  5813;     1;     0;  -120;  -120;  -8.2; drag-lps8-07; 5; 8; 125000; 12732
2023-04-10 08:10:18; hka-aqm-a107;  19.18;  29.82;   402;   590; 21983;  5839;     2;     0;  -122;  -122; -10.2; drag-lps8-07; 6; 8; 125000; 12733
2023-04-10 08:10:58; hka-aqm-a107;  19.26;  29.82;   402;   606; 22031;  5839;     3;     0;  -122;  -122;  -1.8; drag-outd-01; 3; 8; 125000; 12734
2023-04-10 08:11:17; hka-aqm-a107;  19.27;  29.75;   402;   624; 22311;  5908;     3;     0;  -121;  -121;  -8.0; drag-lps8-07; 5; 8; 125000; 12735
2023-04-10 08:11:38; hka-aqm-a107;  19.26;  29.75;   402;   566; 22780;  6028;     3;     0;  -127;  -127;  -7.2; drag-outd-01; 7; 8; 125000; 12736
2023-04-10 08:12:16; hka-aqm-a107;  19.24;  29.69;   406;   575; 23241;  6133;     1;     0;  -124;  -124;  -4.5; drag-outd-01; 0; 8; 125000; 12737
2023-04-10 08:12:38; hka-aqm-a107;  19.34;  29.55;   404;   579; 23610;  6209;     1;     0;  -123;  -123;  -9.2; drag-lps8-02; 1; 8; 125000; 12738
2023-04-10 08:13:17; hka-aqm-a107;  19.32;  29.52;   407;   585; 20797;  5447;     2;     0;  -119;  -119;  -3.2; drag-outd-01; 2; 8; 125000; 12739
2023-04-10 08:13:38; hka-aqm-a107;  19.34;  29.62;   405;   589; 23573;  6165;     1;     0;  -125;  -125;  -9.8; drag-lps8-02; 4; 8; 125000; 12740
2023-04-10 08:13:58; hka-aqm-a107;  19.33;  29.58;   404;   585; 23476;  6131;     1;     0;  -122;  -122;  -8.2; drag-lps8-02; 6; 8; 125000; 12741
2023-04-10 08:14:56; hka-aqm-a107;  19.41;  29.52;   406;   543; 23640;  6159;     1;     0;  -121;  -121;  -6.8; drag-lps8-07; 5; 8; 125000; 12742
2023-04-10 08:15:16; hka-aqm-a107;  19.40;  29.48;   404;   569; 23698;  6165;     0;     0;  -123;  -123;  -3.0; drag-outd-01; 0; 8; 125000; 12743
2023-04-10 08:15:58; hka-aqm-a107;  19.42;  29.48;   402;   605; 24295;  6302;     1;     0;  -118;  -118; nan; drag-outd-01; 3; 8; 125000; 12744
2023-04-10 08:16:18; hka-aqm-a107;  19.46;  29.48;   402;   603; 24417;  6330;     1;     0;  -124;  -124; -10.2; drag-lps8-02; 4; 8; 125000; 12745
2023-04-10 08:16:38; hka-aqm-a107;  19.48;  29.42;   402;   606; 24635;  6387;     2;     0;  -122;  -122;  -8.8; drag-lps8-07; 6; 8; 125000; 12746
2023-04-10 08:16:57; hka-aqm-a107;  19.48;  29.35;   402;   613; 24900;  6447;     2;     0;  -120;  -120;  -2.0; drag-outd-01; 2; 8; 125000; 12747
2023-04-10 08:17:38; hka-aqm-a107;  19.49;  29.28;   402;   616; 25291;  6545;     2;     0;  -124;  -124; -10.0; drag-lps8-02; 1; 8; 125000; 12748
2023-04-10 08:17:57; hka-aqm-a107;  19.50;  29.14;   402;   628; 25208;  6515;     2;     0;  -127;  -127;  -8.2; drag-outd-01; 7; 8; 125000; 12749
2023-04-10 08:18:19; hka-aqm-a107;  19.49;  29.08;   402;   612; 25028;  6462;     3;     0;  -122;  -122;  -7.8; drag-lps8-07; 5; 8; 125000; 12750
2023-04-10 08:18:37; hka-aqm-a107;  19.56;  29.14;   402;   612; 24673;  6362;     3;     0;  -124;  -124;  -9.5; drag-lps8-02; 2; 8; 125000; 12751
2023-04-10 08:18:57; hka-aqm-a107;  19.52;  29.14;   402;   607; 24266;  6247;     2;     0;  -122;  -122;  -8.2; drag-lps8-07; 7; 8; 125000; 12752
2023-04-10 08:19:38; hka-aqm-a107;  19.55;  29.11;   406;   601; 24709;  6349;     2;     0;  -115;  -115;   1.2; drag-outd-01; 1; 8; 125000; 12753
2023-04-10 08:20:18; hka-aqm-a107;  19.58;  29.08;   403;   591; 24499;  6279;     0;     0;  -121;  -121;  -3.8; drag-outd-01; 4; 8; 125000; 12754
2023-04-10 08:21:18; hka-aqm-a107;  19.59;  29.14;   410;   613; 21815;  5563;     1;     0;  -118;  -118;   0.5; drag-outd-01; 3; 8; 125000; 12755
2023-04-10 08:21:39; hka-aqm-a107;  19.70;  29.08;   407;   611; 21689;  5519;     2;     0;  -120;  -120;  -5.5; drag-lps8-02; 0; 8; 125000; 12756
2023-04-10 08:21:57; hka-aqm-a107;  19.62;  28.97;   405;   625; 20909;  5307;     2;     0;  -124;  -124;  -5.0; drag-outd-01; 6; 8; 125000; 12757
2023-04-10 08:22:18; hka-aqm-a107;  19.68;  28.87;   404;   615; 20206;  5122;     1;     0;  -118;  -118;   1.2; drag-outd-01; 3; 8; 125000; 12758
2023-04-10 08:23:16; hka-aqm-a107;  19.74;  28.94;   406;   640; 20277;  5141;     1;     0;  -122;  -122;  -6.5; drag-lps8-07; 4; 8; 125000; 12759
2023-04-10 08:23:56; hka-aqm-a107;  19.72;  28.97;   408;   622; 22925;  5822;     1;     0;  -122;  -122;  -2.5; drag-outd-01; 0; 8; 125000; 12760
2023-04-10 08:24:18; hka-aqm-a107;  19.76;  28.94;   406;   564; 23039;  5908;     3;     0;  -114;  -114;   0.5; drag-outd-01; 2; 8; 125000; 12761
2023-04-10 08:24:38; hka-aqm-a107;  19.80;  28.94;   404;   580; 23321;  5949;     3;     0;  -121;  -121;  -9.2; drag-lps8-07; 6; 8; 125000; 12762
2023-04-10 08:25:58; hka-aqm-a107;  19.90;  28.81;   402;   623; 23230;  5915;     1;     0;  -120;  -120;  -3.0; drag-outd-01; 1; 8; 125000; 12763
2023-04-10 08:26:17; hka-aqm-a107;  19.85;  28.84;   402;   626; 23388;  5961;     2;     0;  -121;  -121;  -9.8; drag-outd-01; 5; 8; 125000; 12764
2023-04-10 08:26:37; hka-aqm-a107;  19.90;  28.74;   402;   625; 23311;  5942;     2;     0;  -124;  -124;  -4.2; drag-outd-01; 7; 8; 125000; 12765
2023-04-10 08:27:16; hka-aqm-a107;  19.93;  28.70;   406;   612; 23740;  6054;     2;     0;  -124;  -124; -10.8; drag-lps8-02; 1; 8; 125000; 12766
2023-04-10 08:27:38; hka-aqm-a107;  19.96;  28.74;   404;   611; 23657;  6031;     1;     0;  -125;  -125;  -5.8; drag-outd-01; 6; 8; 125000; 12767
2023-04-10 08:28:56; hka-aqm-a107;  19.98;  28.60;   406;   634; 23398;  5956;     1;     0;  -117;  -117;  -0.2; drag-outd-01; 4; 8; 125000; 12768
2023-04-10 08:29:56; hka-aqm-a107;  20.09;  28.57;   407;   710; 22510;  5766;     1;     0;  -127;  -127;  -7.2; drag-outd-01; 0; 8; 125000; 12769
2023-04-10 08:30:18; hka-aqm-a107;  20.08;  28.47;   405;   688; 22900;  5836;     2;     0;  -121;  -121;  -7.2; drag-lps8-07; 7; 8; 125000; 12770
2023-04-10 08:30:38; hka-aqm-a107;  20.13;  28.47;   404;   670; 22834;  5830;     2;     0;  -126;  -126;  -9.2; drag-lps8-02; 5; 8; 125000; 12771
2023-04-10 08:30:58; hka-aqm-a107;  20.18;  28.40;   403;   673; 22445;  5739;     1;     0;  -126;  -126; -10.5; drag-lps8-02; 2; 8; 125000; 12772
2023-04-10 08:31:36; hka-aqm-a107;  20.21;  28.33;   406;   661; 22181;  5680;     1;     0;  -120;  -120;  -0.8; drag-outd-01; 3; 8; 125000; 12773
2023-04-10 08:31:57; hka-aqm-a107;  20.22;  28.40;   404;   660; 21434;  5497;     2;     0;  -122;  -122;  -8.5; drag-lps8-07; 2; 8; 125000; 12774
2023-04-10 08:32:56; hka-aqm-a107;  20.23;  28.19;   406;   631; 20742;  5319;     1;     0;  -124;  -124;  -4.0; drag-outd-01; 0; 8; 125000; 12776
2023-04-10 08:33:36; hka-aqm-a107;  20.24;  28.26;   408;   624; 19944;  5112;     1;     0;  -118;  -118;  -0.5; drag-outd-01; 3; 8; 125000; 12777
2023-04-10 08:33:58; hka-aqm-a107;  20.30;  28.26;   406;   631; 19670;  5027;     1;     0;  -122;  -122;  -9.5; drag-lps8-07; 6; 8; 125000; 12778
2023-04-10 08:34:18; hka-aqm-a107;  20.26;  28.19;   404;   634; 18070;  4598;     1;     0;  -122;  -122;  -3.0; drag-outd-01; 7; 8; 125000; 12779
2023-04-10 08:34:56; hka-aqm-a107;  20.26;  28.26;   407;   635; 17262;  4377;     2;     0;  -122;  -122;  -8.8; drag-lps8-07; 5; 8; 125000; 12780
2023-04-10 08:35:19; hka-aqm-a107;  20.28;  28.26;   405;   639; 18577;  4730;     1;     0;  -117;  -117;   0.5; drag-outd-01; 4; 8; 125000; 12781
2023-04-10 08:35:38; hka-aqm-a107;  20.32;  28.26;   404;   647; 18784;  4802;     1;     0;  -121;  -121;  -8.0; drag-lps8-07; 2; 8; 125000; 12782
2023-04-10 08:35:58; hka-aqm-a107;  20.33;  28.19;   403;   650; 18679;  4786;     0;     0;  -123;  -123;  -6.2; drag-lps8-02; 7; 8; 125000; 12783
2023-04-10 08:36:17; hka-aqm-a107;  20.40;  28.19;   402;   655; 18314;  4694;     1;     0;  -124;  -124; -10.5; drag-lps8-02; 5; 8; 125000; 12784
2023-04-10 08:36:56; hka-aqm-a107;  20.43;  28.13;   406;   648; 17671;  4529;     1;     0;  -117;  -117;   0.2; drag-outd-01; 3; 8; 125000; 12785
2023-04-10 08:37:17; hka-aqm-a107;  20.41;  28.19;   404;   653; 16824;  4314;     2;     0;  -120;  -120;  -8.2; drag-lps8-07; 1; 8; 125000; 12786
2023-04-10 08:37:38; hka-aqm-a107;  20.36;  28.19;   403;   612; 16339;  4195;     2;     0;  -114;  -114;   0.8; drag-outd-01; 4; 8; 125000; 12787
2023-04-10 08:37:59; hka-aqm-a107;  20.37;  28.02;   402;   624; 16046;  4124;     2;     0;  -122;  -122;  -6.8; drag-lps8-07; 0; 8; 125000; 12788
2023-04-10 08:38:17; hka-aqm-a107;  20.44;  27.99;   402;   649; 15876;  4085;     2;     0;  -121;  -121;  -8.2; drag-lps8-07; 6; 8; 125000; 12789
2023-04-10 08:38:37; hka-aqm-a107;  20.46;  28.06;   402;   695; 15389;  3964;     1;     0;  -121;  -121;  -7.2; drag-lps8-07; 7; 8; 125000; 12790
2023-04-10 08:38:58; hka-aqm-a107;  20.45;  28.13;   401;   687; 15011;  3872;     1;     0;  -117;  -117;  -0.2; drag-outd-01; 1; 8; 125000; 12791
2023-04-10 08:39:18; hka-aqm-a107;  20.49;  28.13;   400;   682; 14504;  3744;     1;     0;  -123;  -123;  -5.2; drag-outd-01; 6; 8; 125000; 12792
2023-04-10 08:39:37; hka-aqm-a107;  20.50;  28.06;   399;   687; 13882;  3585;     1;     0;  -122;  -122;  -8.0; drag-lps8-07; 4; 8; 125000; 12793
2023-04-10 08:40:38; hka-aqm-a107;  20.55;  27.99;   407;   679; 14021;  3643;     2;     0;  -117;  -117;   1.0; drag-outd-01; 3; 8; 125000; 12794
2023-04-10 08:40:58; hka-aqm-a107;  20.62;  27.92;   404;   682; 13823;  3590;     1;     0;  -125;  -125;  -7.8; drag-lps8-02; 0; 8; 125000; 12795
2023-04-10 08:41:17; hka-aqm-a107;  20.60;  27.99;   402;   731; 13604;  3532;     1;     0;  -122;  -122;  -4.8; drag-outd-01; 5; 8; 125000; 12796
2023-04-10 08:41:38; hka-aqm-a107;  20.59;  27.99;   401;   718; 13224;  3426;     0;     0;  -114;  -114;  -0.2; drag-outd-01; 2; 8; 125000; 12797
2023-04-10 08:41:57; hka-aqm-a107;  20.59;  28.02;   400;   703; 12058;  3116;     0;     0;  -122;  -122;  -7.5; drag-lps8-07; 7; 8; 125000; 12798
2023-04-10 08:42:17; hka-aqm-a107;  20.59;  27.92;   399;   706; 11639;  3006;     1;     0;  -122;  -122; -10.0; drag-outd-01; 5; 8; 125000; 12799
2023-04-10 08:42:38; hka-aqm-a107;  20.58;  27.92;   399;   753; 10680;  2751;     1;     0;  -117;  -117;   0.8; drag-outd-01; 4; 8; 125000; 12800
2023-04-10 08:42:58; hka-aqm-a107;  20.60;  27.99;   399;   730; 10171;  2621;     0;     0;  -126;  -126;  -8.5; drag-lps8-02; 0; 8; 125000; 12801
2023-04-10 08:43:38; hka-aqm-a107;  20.60;  27.82;   403;   703;  7631;  1955;     1;     0;  -115;  -115;   1.2; drag-outd-01; 2; 8; 125000; 12802
2023-04-10 08:43:58; hka-aqm-a107;  20.58;  27.79;   401;   715;  6432;  1640;     2;     0;  -120;  -120;  -7.5; drag-lps8-07; 1; 8; 125000; 12803
2023-04-10 08:44:19; hka-aqm-a107;  20.62;  27.85;   400;   696;  5215;  1317;     2;     0;  -119;  -119;  -0.2; drag-outd-01; 3; 8; 125000; 12804
2023-04-10 08:44:38; hka-aqm-a107;  20.70;  27.92;   399;   678;  4222;  1050;     1;     0;  -122;  -122; -10.0; drag-lps8-07; 6; 8; 125000; 12805
2023-04-10 08:45:18; hka-aqm-a107;  20.71;  27.85;   403;   709;  3160;   759;     1;     0;  -117;  -117;   1.0; drag-outd-01; 3; 8; 125000; 12806
2023-04-10 08:45:56; hka-aqm-a107;  20.68;  27.82;   406;   693;  2979;   713;     2;     0;  -124;  -124;  -7.5; drag-lps8-02; 7; 8; 125000; 12807
2023-04-10 08:46:16; hka-aqm-a107;  20.68;  27.65;   404;   709;  3054;   730;     2;     0;  -121;  -121;  -7.0; drag-lps8-07; 0; 8; 125000; 12808
2023-04-10 08:46:38; hka-aqm-a107;  20.74;  27.72;   402;   700;  2795;   668;     2;     0;  -120;  -120;  -1.5; drag-outd-01; 2; 8; 125000; 12809
2023-04-10 08:47:59; hka-aqm-a107;  20.77;  27.89;   398;   677;  2638;   631;     1;     0;  -123;  -123;  -8.8; drag-lps8-07; 5; 8; 125000; 12810
2023-04-10 08:48:36; hka-aqm-a107;  20.80;  27.89;   401;   670;  2563;   613;     2;     0;  -124;  -124;  -9.8; drag-lps8-02; 6; 8; 125000; 12811
2023-04-10 08:48:57; hka-aqm-a107;  20.80;  27.85;   400;   746;  2506;   601;     1;     0;  -110;  -110;  -1.0; drag-outd-01; 1; 8; 125000; 12812
2023-04-10 08:50:38; hka-aqm-a107;  20.76;  27.99;   402;   694;  2483;   596;     1;     0;  -122;  -122;  -8.5; drag-lps8-07; 4; 8; 125000; 12813
2023-04-10 08:50:58; hka-aqm-a107;  20.71;  27.99;   401;   689;  2406;   575;     1;     0;  -121;  -121;  -8.0; drag-lps8-07; 2; 8; 125000; 12814
2023-04-10 08:51:18; hka-aqm-a107;  20.70;  27.99;   400;   708;  2335;   555;     1;     0;  -115;  -115;   2.0; drag-outd-01; 3; 8; 125000; 12815
2023-04-10 08:51:37; hka-aqm-a107;  20.69;  28.06;   399;   673;  2265;   537;     3;     0;  -121;  -121;  -5.8; drag-lps8-07; 0; 8; 125000; 12816
2023-04-10 08:53:58; hka-aqm-a107;  20.70;  28.19;   399;   711;  2100;   494;     3;     0;  -122;  -122;  -8.5; drag-lps8-07; 5; 8; 125000; 12817
2023-04-10 08:54:38; hka-aqm-a107;  20.63;  28.26;   403;   696;  2045;   479;     2;     0;  -124;  -124;  -6.2; drag-outd-01; 6; 8; 125000; 12818
2023-04-10 08:58:58; hka-aqm-a107;  20.63;  28.47;   400;   716;  1914;   447;     2;     0;  -116;  -116;  -1.8; drag-outd-01; 1; 8; 125000; 12819
2023-04-10 09:03:57; hka-aqm-a107;  20.63;  28.60;   399;   747;  1798;   417;     2;     0;  -127;  -127;  -7.2; drag-outd-01; 7; 8; 125000; 12820
2023-04-10 09:07:17; hka-aqm-a107;  20.63;  28.60;   397;   747;  1686;   385;     2;     0;  -115;  -115;   1.2; drag-outd-01; 4; 8; 125000; 12821
2023-04-10 09:07:57; hka-aqm-a107;  20.64;  28.67;   401;   799;  1592;   360;     1;     0;  -118;  -118;   0.5; drag-outd-01; 3; 8; 125000; 12822
2023-04-10 09:08:18; hka-aqm-a107;  20.70;  28.67;   400;   768;  1713;   394;     1;     0;  -120;  -120;  -1.5; drag-outd-01; 4; 8; 125000; 12823
2023-04-10 09:12:58; hka-aqm-a107;  20.67;  28.74;   403;   771;  1508;   341;     2;     0;  -120;  -120;  -8.0; drag-lps8-07; 6; 8; 125000; 12824
2023-04-10 09:16:57; hka-aqm-a107;  20.72;  28.74;   400;   781;  1436;   323;     2;     0;  -120;  -120;  -8.0; drag-lps8-07; 2; 8; 125000; 12825
2023-04-10 09:18:36; hka-aqm-a107;  20.69;  28.77;   401;   770;  1397;   313;     1;     0;  -120;  -120;  -6.5; drag-lps8-07; 7; 8; 125000; 12826
2023-04-10 09:22:19; hka-aqm-a107;  20.82;  28.74;   401;   753;  1333;   299;     1;     0;  -126;  -126;  -7.2; drag-outd-01; 5; 8; 125000; 12827
2023-04-10 09:31:38; hka-aqm-a107;  20.99;  28.60;   399;   812;  1211;   270;     3;     0;  -124;  -124; -10.2; drag-lps8-02; 1; 8; 125000; 12828
2023-04-10 09:38:17; hka-aqm-a107;  21.18;  28.47;   396;   826;  1113;   247;     2;     0;  -124;  -124;  -4.5; drag-outd-01; 0; 8; 125000; 12829
2023-04-10 09:39:16; hka-aqm-a107;  21.18;  28.60;   397;   802;  1204;   271;     2;     0;  -122;  -122;  -4.5; drag-outd-01; 6; 8; 125000; 12830
2023-04-10 09:40:18; hka-aqm-a107;  21.19;  28.33;   400;   795;  1125;   250;     2;     0;  -122;  -122;  -9.5; drag-lps8-07; 1; 8; 125000; 12831
2023-04-10 09:43:38; hka-aqm-a107;  21.28;  28.36;   397;   798;  1109;   247;     2;     0;  -124;  -124;  -9.0; drag-lps8-02; 7; 8; 125000; 12832
2023-04-10 09:44:36; hka-aqm-a107;  21.30;  28.33;   400;   782;  1096;   244;     2;     0;  -120;  -120;  -0.8; drag-outd-01; 3; 8; 125000; 12833
2023-04-10 09:44:57; hka-aqm-a107;  21.36;  28.40;   398;   785;  1157;   261;     2;     0;  -124;  -124;  -9.2; drag-lps8-02; 0; 8; 125000; 12834
2023-04-10 09:47:57; hka-aqm-a107;  21.39;  28.30;   397;   797;  1297;   299;     2;     0;  -120;  -120;  -7.8; drag-lps8-07; 2; 8; 125000; 12835
2023-04-10 09:55:17; hka-aqm-a107;  21.46;  28.13;   396;   781;  1137;   259;     2;     0;  -121;  -121;  -8.2; drag-lps8-07; 5; 8; 125000; 12836
2023-04-10 09:57:38; hka-aqm-a107;  21.52;  28.02;   400;   786;  1160;   269;     2;     0;  -122;  -122;  -8.5; drag-lps8-07; 4; 8; 125000; 12837
2023-04-10 09:58:39; hka-aqm-a107;  21.55;  27.99;   394;   792;  1016;   232;     1;     0;  -125;  -125;  -8.0; drag-lps8-02; 0; 8; 125000; 12838
2023-04-10 09:59:17; hka-aqm-a107;  21.58;  27.99;   393;   782;   995;   225;     1;     0;  -122;  -122;  -8.5; drag-lps8-07; 5; 8; 125000; 12839
2023-04-10 10:02:16; hka-aqm-a107;  21.53;  28.19;   400;   800;  1043;   237;     2;     0;  -122;  -122;  -8.2; drag-lps8-07; 4; 8; 125000; 12840
2023-04-10 10:02:36; hka-aqm-a107;  21.56;  28.13;   398;   796;  1113;   256;     2;     0;  -121;  -121;  -1.8; drag-outd-01; 3; 8; 125000; 12841
2023-04-10 10:13:58; hka-aqm-a107;  21.76;  28.33;   397;   803;   944;   212;     2;     0;  -120;  -120;  -8.8; drag-lps8-07; 1; 8; 125000; 12842
2023-04-10 10:15:18; hka-aqm-a107;  21.79;  28.26;   393;   805;   928;   210;     1;     1;  -126;  -126; -11.5; drag-lps8-02; 2; 8; 125000; 12843
2023-04-10 10:15:56; hka-aqm-a107;  21.78;  28.33;   397;   801;   872;   195;     2;     1;  -123;  -123;  -8.8; drag-lps8-02; 7; 8; 125000; 12844
2023-04-10 10:16:38; hka-aqm-a107;  21.78;  28.26;   395;   797;   985;   225;     2;     0;  -125;  -125;  -5.8; drag-outd-01; 6; 8; 125000; 12845
2023-04-10 10:31:44; hka-aqm-a107;  22.02;  27.92;   393;   805;   937;   214;     3;     0;  -117;  -117;  -0.2; drag-outd-01; 3; 8; 125000; 12846
2023-04-10 10:46:50; hka-aqm-a107;  22.18;  27.55;   393;   775;   786;   176;     1;     0;  -125;  -125;  -6.0; drag-outd-01; 5; 8; 125000; 12847
2023-04-10 11:01:59; hka-aqm-a107;  22.36;  27.65;   391;   806;   670;   149;     3;     0;  -118;  -118;  -1.0; drag-outd-01; 1; 8; 125000; 12848
2023-04-10 11:17:05; hka-aqm-a107;  22.50;  27.45;   394;   807;   600;   134;     3;     0;  -115;  -115;   0.8; drag-outd-01; 2; 8; 125000; 12849
2023-04-10 11:32:12; hka-aqm-a107;  22.54;  27.51;   394;   803;   590;   136;     1;     0;  -130;  -130;  -9.2; drag-outd-01; 0; 8; 125000; 12850
2023-04-10 11:47:18; hka-aqm-a107;  22.69;  27.45;   388;   804;   541;   124;     3;     0;  -122;  -122;  -7.5; drag-lps8-07; 7; 8; 125000; 12851
2023-04-10 12:02:24; hka-aqm-a107;  22.75;  27.51;   388;   780;   527;   123;     3;     0;  -122;  -122;  -7.0; drag-lps8-07; 4; 8; 125000; 12852
2023-04-10 12:17:31; hka-aqm-a107;  22.72;  27.51;   389;   826;   609;   148;     1;     0;  -122;  -122;  -8.8; drag-lps8-07; 6; 8; 125000; 12853
2023-04-10 12:32:38; hka-aqm-a107;  22.77;  27.68;   388;   815;   518;   125;     3;     0;  -123;  -123; -12.0; drag-lps8-07; 3; 8; 125000; 12854
2023-04-10 12:47:44; hka-aqm-a107;  22.72;  27.65;   399;   813;   407;    98;     3;     0;  -127;  -127; -10.2; drag-lps8-02; 0; 8; 125000; 12855
2023-04-10 13:02:50; hka-aqm-a107;  22.68;  27.51;   385;   848;   367;    88;     0;     0;  -121;  -121;  -9.2; drag-lps8-02; 6; 8; 125000; 12856
2023-04-10 13:17:58; hka-aqm-a107;  22.62;  27.72;   389;   824;   398;    97;     3;     0;  -120;  -120;  -7.2; drag-lps8-07; 5; 8; 125000; 12857
2023-04-10 13:33:04; hka-aqm-a107;  22.53;  27.72;   392;   848;   376;    90;     3;     0;  -122;  -122;  -3.5; drag-outd-01; 1; 8; 125000; 12858
2023-04-10 13:48:10; hka-aqm-a107;  22.51;  27.92;   381;   828;   438;   106;     1;     0;  -114;  -114;  -0.2; drag-outd-01; 2; 8; 125000; 12859
2023-04-10 14:03:18; hka-aqm-a107;  22.46;  27.89;   388;   813;   481;   119;     3;     0;  -121;  -121;  -8.0; drag-lps8-07; 4; 8; 125000; 12860
2023-04-10 14:18:25; hka-aqm-a107;  22.46;  27.96;   381;   861;   570;   145;     3;     0;  -121;  -121;  -6.8; drag-lps8-07; 7; 8; 125000; 12861
2023-04-10 14:33:31; hka-aqm-a107;  22.50;  27.99;   388;   836;   586;   150;     1;     0;  -126;  -126;  -5.0; drag-outd-01; 0; 8; 125000; 12862
2023-04-10 14:48:37; hka-aqm-a107;  22.52;  27.96;   383;   805;   571;   146;     3;     0;  -122;  -122;  -7.5; drag-lps8-07; 4; 8; 125000; 12863
2023-04-10 15:03:44; hka-aqm-a107;  22.50;  28.06;   387;   826;   512;   128;     3;     0;  -119;  -119;  -1.8; drag-outd-01; 1; 8; 125000; 12864
2023-04-10 15:18:50; hka-aqm-a107;  22.43;  28.02;   381;   830;   534;   138;     2;     0;  -121;  -121;  -7.2; drag-lps8-07; 5; 8; 125000; 12865
2023-04-10 15:33:58; hka-aqm-a107;  22.45;  28.06;   381;   815;   545;   142;     3;     0;  -118;  -118;   1.8; drag-outd-01; 3; 8; 125000; 12866
2023-04-10 15:49:04; hka-aqm-a107;  22.37;  27.99;   385;   820;   529;   135;     3;     0;  -125;  -125; -10.8; drag-lps8-02; 2; 8; 125000; 12867
2023-04-10 16:04:11; hka-aqm-a107;  22.38;  28.06;   390;   820;   498;   127;     2;     0;  -124;  -124; -11.5; drag-lps8-02; 6; 8; 125000; 12868
2023-04-10 16:19:18; hka-aqm-a107;  22.39;  28.26;   389;   825;   452;   115;     3;     0;  -126;  -126;  -8.5; drag-lps8-02; 7; 8; 125000; 12869
2023-04-10 16:34:24; hka-aqm-a107;  22.34;  28.36;   385;   808;   450;   114;     3;     0;  -126;  -126;  -8.5; drag-lps8-02; 0; 8; 125000; 12870
2023-04-10 16:49:31; hka-aqm-a107;  22.30;  28.33;   381;   806;   375;    92;     2;     0;  -125;  -125; -11.8; drag-lps8-02; 1; 8; 125000; 12871
2023-04-10 17:04:38; hka-aqm-a107;  22.26;  28.43;   381;   816;   305;    74;     3;     0;  -123;  -123;  -8.0; drag-lps8-07; 4; 8; 125000; 12872
2023-04-10 17:19:44; hka-aqm-a107;  22.22;  28.53;   383;   811;   269;    66;     3;     0;  -118;  -118;  -0.5; drag-outd-01; 2; 8; 125000; 12873
2023-04-10 17:34:50; hka-aqm-a107;  22.17;  28.53;   388;   834;   218;    56;     3;     0;  -124;  -124; -10.2; drag-lps8-02; 5; 8; 125000; 12874
2023-04-10 17:49:59; hka-aqm-a107;  22.06;  28.60;   384;   831;   193;    49;     3;     0;  -124;  -124; -10.5; drag-lps8-02; 6; 8; 125000; 12875
2023-04-10 18:05:05; hka-aqm-a107;  22.05;  28.67;   381;   800;   190;    49;     3;     0;  -118;  -118;   1.5; drag-outd-01; 3; 8; 125000; 12876
2023-04-10 18:20:11; hka-aqm-a107;  21.96;  28.74;   381;   801;   182;    44;     3;     0;  -123;  -123;  -8.0; drag-lps8-02; 7; 8; 125000; 12877
2023-04-10 18:35:17; hka-aqm-a107;  21.87;  28.81;   381;   786;   149;    35;     3;     0;  -121;  -121;  -8.0; drag-lps8-07; 1; 8; 125000; 12878
2023-04-10 18:50:24; hka-aqm-a107;  21.85;  28.84;   381;   803;    92;    21;     3;     0;  -118;  -118;   0.5; drag-outd-01; 3; 8; 125000; 12879
2023-04-10 19:05:30; hka-aqm-a107;  21.78;  28.87;   381;   804;    51;    12;     2;     0;  -123;  -123;  -8.0; drag-lps8-02; 0; 8; 125000; 12880
2023-04-10 19:20:38; hka-aqm-a107;  21.72;  28.94;   383;   814;    43;    12;     3;     0;  -124;  -124; -10.5; drag-lps8-02; 6; 8; 125000; 12881
2023-04-10 19:35:45; hka-aqm-a107;  21.68;  29.01;   423;   834;    30;     7;     3;     0;  -114;  -114;  -0.2; drag-outd-01; 2; 8; 125000; 12882
2023-04-10 19:50:51; hka-aqm-a107;  21.60;  29.08;   417;   803;    23;     5;     2;     0;  -124;  -124;  -7.0; drag-lps8-02; 7; 8; 125000; 12883
2023-04-10 20:05:58; hka-aqm-a107;  21.58;  29.18;   418;   825;     9;     1;     3;     0;  -125;  -125;  -8.2; drag-lps8-02; 5; 8; 125000; 12884
2023-04-10 20:21:05; hka-aqm-a107;  21.52;  29.25;   421;   826;    10;     3;     3;     0;  -125;  -125; -10.8; drag-lps8-02; 4; 8; 125000; 12885
2023-04-10 20:36:11; hka-aqm-a107;  21.46;  29.28;   420;   815;     7;     1;     1;     0;  -131;  -131; -11.2; drag-outd-01; 6; 8; 125000; 12886
2023-04-10 20:51:18; hka-aqm-a107;  21.42;  29.28;   423;   827;    10;     3;     3;     0;  -117;  -117;   0.8; drag-outd-01; 3; 8; 125000; 12887
2023-04-10 21:06:25; hka-aqm-a107;  21.38;  29.38;   420;   817;     7;     1;     3;     0;  -118;  -118;  -1.0; drag-outd-01; 4; 8; 125000; 12888
2023-04-10 21:21:31; hka-aqm-a107;  21.35;  29.42;   423;   827;    10;     3;     1;     0;  -119;  -119;  -7.0; drag-lps8-07; 5; 8; 125000; 12889
2023-04-10 21:36:38; hka-aqm-a107;  21.32;  29.42;   431;   858;     7;     1;     3;     0;  -118;  -118;  -2.5; drag-outd-01; 2; 8; 125000; 12890
2023-04-10 21:51:45; hka-aqm-a107;  21.29;  29.48;   425;   866;    10;     3;     3;     0;  -127;  -127; -10.2; drag-lps8-02; 7; 8; 125000; 12891
2023-04-10 22:06:51; hka-aqm-a107;  21.26;  29.55;   426;   829;    10;     3;     1;     0;  -123;  -123;  -4.0; drag-outd-01; 0; 8; 125000; 12892
2023-04-10 22:21:58; hka-aqm-a107;  21.20;  29.55;   428;   809;     7;     1;     3;     0;  -121;  -121; -10.0; drag-outd-01; 1; 8; 125000; 12893
2023-04-10 22:37:04; hka-aqm-a107;  21.19;  29.62;   427;   855;     7;     1;     3;     0;  -120;  -120;  -5.0; drag-lps8-07; 0; 8; 125000; 12894
2023-04-10 22:52:10; hka-aqm-a107;  21.17;  29.65;   428;   850;    10;     3;     3;     0;  -118;  -118;   0.2; drag-outd-01; 4; 8; 125000; 12895
2023-04-10 23:07:17; hka-aqm-a107;  21.16;  29.69;   431;   875;     7;     1;     3;     0;  -122;  -122;  -3.5; drag-outd-01; 2; 8; 125000; 12896
2023-04-10 23:22:24; hka-aqm-a107;  21.12;  29.69;   430;   844;     7;     1;     3;     0;  -121;  -121;  -6.8; drag-lps8-07; 5; 8; 125000; 12897
2023-04-10 23:37:30; hka-aqm-a107;  21.09;  29.75;   438;   852;     7;     1;     1;     0;  -120;  -120;  -7.5; drag-lps8-07; 1; 8; 125000; 12898
2023-04-10 23:52:37; hka-aqm-a107;  21.08;  29.82;   433;   848;     7;     1;     3;     0;  -115;  -115;   2.2; drag-outd-01; 3; 8; 125000; 12899
