# Logfile LoRaWAN TTN/TTS V3 logger version hka-log V 1.1
date_time;device_id;tmp;hum;CO2;VOC;vis;IR;WIFI;BLE;rssi;channel_rssi;snr;gateway;channel_index;spreading_factor;bandwidth;f_cnt
2022-11-03 00:03:52; hka-aqm-a103;  26.20;  30.23;   459;   613;     9;     2;     1;     0;   -58;   -58;   9.8; drag-lps8-01; 1; 8; 125000; 2941
2022-11-03 00:18:58; hka-aqm-a103;  26.18;  30.16;   461;   632;     8;     1;     1;     0;   -60;   -60;  12.5; drag-lps8-01; 3; 8; 125000; 2942
2022-11-03 00:34:05; hka-aqm-a103;  26.18;  30.09;   465;   618;    11;     4;     1;     0;   -60;   -60;  11.5; drag-lps8-01; 0; 8; 125000; 2943
2022-11-03 00:49:11; hka-aqm-a103;  26.15;  29.82;   462;   616;     8;     0;     0;     0;   -59;   -59;  11.8; drag-lps8-01; 7; 8; 125000; 2944
2022-11-03 01:04:17; hka-aqm-a103;  26.18;  29.62;   464;   616;    11;     4;     1;     0;   -57;   -57;   8.0; drag-lps8-01; 5; 8; 125000; 2945
2022-11-03 01:19:23; hka-aqm-a103;  26.15;  29.42;   463;   573;     8;     0;     1;     0;   -57;   -57;   9.2; drag-lps8-01; 6; 8; 125000; 2946
2022-11-03 01:34:30; hka-aqm-a103;  26.14;  29.21;   466;   536;    11;     4;     0;     0;   -57;   -57;   7.5; drag-lps8-01; 2; 8; 125000; 2947
2022-11-03 01:49:38; hka-aqm-a103;  26.12;  28.94;   467;   559;     8;     0;     1;     0;   -59;   -59;  11.2; drag-lps8-01; 1; 8; 125000; 2948
2022-11-03 02:04:44; hka-aqm-a103;  26.15;  28.70;   469;   550;    11;     4;     1;     0;   -58;   -58;   8.0; drag-lps8-01; 2; 8; 125000; 2949
2022-11-03 02:19:50; hka-aqm-a103;  26.14;  28.57;   472;   592;    11;     3;     1;     0;   -60;   -60;  12.5; drag-lps8-01; 3; 8; 125000; 2950
2022-11-03 02:34:56; hka-aqm-a103;  26.12;  28.47;   473;   632;     9;     1;     1;     0;   -57;   -57;  10.8; drag-lps8-01; 4; 8; 125000; 2951
2022-11-03 02:50:03; hka-aqm-a103;  26.10;  28.26;   479;   664;     8;     0;     1;     0;   -59;   -59;  10.8; drag-lps8-01; 7; 8; 125000; 2952
2022-11-03 03:05:09; hka-aqm-a103;  26.12;  27.99;   483;   613;     8;     0;     0;     0;   -59;   -59;  11.0; drag-lps8-01; 6; 8; 125000; 2953
2022-11-03 03:20:16; hka-aqm-a103;  26.09;  27.85;   481;   581;     8;     0;     1;     0;   -60;   -60;   9.0; drag-lps8-01; 0; 8; 125000; 2954
2022-11-03 03:35:23; hka-aqm-a103;  26.09;  27.58;   485;   546;    11;     3;     1;     0;   -58;   -58;   8.2; drag-lps8-01; 5; 8; 125000; 2955
2022-11-03 03:50:29; hka-aqm-a103;  26.08;  27.51;   483;   539;     8;     0;     1;     0;   -59;   -59;  11.8; drag-lps8-01; 1; 8; 125000; 2956
2022-11-03 04:05:37; hka-aqm-a103;  26.06;  27.28;   486;   520;     8;     1;     1;     0;   -59;   -59;  11.0; drag-lps8-01; 6; 8; 125000; 2957
2022-11-03 04:20:44; hka-aqm-a103;  26.10;  27.24;   490;   517;     8;     0;     0;     0;   -60;   -60;  10.5; drag-lps8-01; 0; 8; 125000; 2958
2022-11-03 04:35:50; hka-aqm-a103;  26.06;  27.14;   483;   542;     8;     0;     0;     0;   -59;   -59;  11.5; drag-lps8-01; 3; 8; 125000; 2959
2022-11-03 04:50:57; hka-aqm-a103;  26.04;  27.04;   482;   557;     8;     1;     1;     0;   -59;   -59;   8.5; drag-lps8-01; 2; 8; 125000; 2960
2022-11-03 05:06:03; hka-aqm-a103;  26.05;  26.97;   474;   563;     8;     0;     0;     0;   -60;   -60;  10.0; drag-lps8-01; 7; 8; 125000; 2961
2022-11-03 05:21:10; hka-aqm-a103;  26.04;  26.97;   469;   578;     8;     0;     1;     0;   -58;   -58;   9.0; drag-lps8-01; 5; 8; 125000; 2962
2022-11-03 05:36:17; hka-aqm-a103;  26.08;  26.76;   473;   598;     8;     0;     1;     0;   -59;   -59;  11.0; drag-lps8-01; 4; 8; 125000; 2963
2022-11-03 05:51:16; hka-aqm-a103;  26.12;  26.76;   473;   582;   386;    72;     1;     0;   -59;   -59;   9.5; drag-lps8-01; 0; 8; 125000; 2964
2022-11-03 05:51:57; hka-aqm-a103;  26.11;  26.59;   475;   596;     8;    48;     1;     0;   -58;   -58;   9.8; drag-lps8-01; 1; 8; 125000; 2965
2022-11-03 06:07:03; hka-aqm-a103;  26.08;  26.63;   468;   555;    11;     3;     0;     0;   -60;   -60;  11.2; drag-lps8-01; 7; 8; 125000; 2966
2022-11-03 06:22:09; hka-aqm-a103;  26.01;  26.49;   470;   607;     8;     0;     1;     0;   -58;   -58;   8.0; drag-lps8-01; 5; 8; 125000; 2967
2022-11-03 06:37:16; hka-aqm-a103;  25.99;  26.63;   461;   618;     8;     0;     1;     0;   -58;   -58;   9.5; drag-lps8-01; 3; 8; 125000; 2968
2022-11-03 06:52:22; hka-aqm-a103;  25.99;  26.76;   475;   645;     8;     0;     0;     0;   -59;   -59;  11.0; drag-lps8-01; 6; 8; 125000; 2969
2022-11-03 07:07:28; hka-aqm-a103;  25.98;  26.70;   476;   635;     8;     1;     1;     0;   -57;   -57;   9.8; drag-lps8-01; 4; 8; 125000; 2970
2022-11-03 07:22:36; hka-aqm-a103;  25.97;  26.76;   474;   627;     8;     1;     1;     0;   -57;   -57;   8.5; drag-lps8-01; 2; 8; 125000; 2971
2022-11-03 07:37:42; hka-aqm-a103;  25.96;  26.90;   477;   625;    11;     3;     1;     0;   -60;   -60;  11.5; drag-lps8-01; 0; 8; 125000; 2972
2022-11-03 07:52:48; hka-aqm-a103;  25.98;  27.04;   482;   685;     9;     1;     0;     0;   -58;   -58;   8.0; drag-lps8-01; 2; 8; 125000; 2973
2022-11-03 08:07:56; hka-aqm-a103;  25.99;  27.17;   495;   709;     9;     1;     1;     3;   -60;   -60;  11.8; drag-lps8-01; 3; 8; 125000; 2974
2022-11-03 08:23:02; hka-aqm-a103;  26.02;  27.38;   508;   772;     9;     1;     1;     0;   -59;   -59;  11.5; drag-lps8-01; 4; 8; 125000; 2975
2022-11-03 08:38:08; hka-aqm-a103;  26.01;  27.75;   501;   736;     9;     1;     1;     0;   -59;   -59;  12.0; drag-lps8-01; 1; 8; 125000; 2976
2022-11-03 08:53:17; hka-aqm-a103;  26.02;  28.16;   493;   707;    10;     2;     1;     0;   -59;   -59;  11.0; drag-lps8-01; 6; 8; 125000; 2977
2022-11-03 09:08:23; hka-aqm-a103;  26.03;  28.53;   480;   706;    12;     3;     0;     0;   -57;   -57;   8.2; drag-lps8-01; 5; 8; 125000; 2978
2022-11-03 09:23:30; hka-aqm-a103;  26.02;  28.81;   492;   828;    12;     2;     1;     0;   -60;   -60;  11.5; drag-lps8-01; 7; 8; 125000; 2979
2022-11-03 09:38:36; hka-aqm-a103;  26.03;  29.01;   488;   889;    12;     2;     1;     5;   -59;   -59;  11.8; drag-lps8-01; 6; 8; 125000; 2980
2022-11-03 09:53:42; hka-aqm-a103;  26.07;  29.28;   505;   936;    13;     2;     1;     5;   -59;   -59;  11.2; drag-lps8-01; 4; 8; 125000; 2981
2022-11-03 10:08:48; hka-aqm-a103;  26.10;  29.55;   518;   933;    12;     2;     1;     5;   -60;   -60;  10.8; drag-lps8-01; 0; 8; 125000; 2982
2022-11-03 10:23:56; hka-aqm-a103;  26.10;  29.79;   502;   927;    15;     4;     1;     5;   -58;   -58;   7.5; drag-lps8-01; 5; 8; 125000; 2983
2022-11-03 10:39:03; hka-aqm-a103;  26.08;  30.16;   491;   983;    10;     1;     0;     0;   -58;   -58;  10.0; drag-lps8-01; 1; 8; 125000; 2984
2022-11-03 10:54:09; hka-aqm-a103;  26.10;  30.56;   487;   982;    11;     1;     1;     5;   -58;   -58;   8.5; drag-lps8-01; 2; 8; 125000; 2985
2022-11-03 11:09:17; hka-aqm-a103;  26.09;  30.97;   474;   972;    10;     1;     1;     5;   -60;   -60;  11.5; drag-lps8-01; 3; 8; 125000; 2986
2022-11-03 11:24:23; hka-aqm-a103;  26.13;  31.17;   470;   973;    15;     5;     1;     6;   -60;   -60;  11.8; drag-lps8-01; 7; 8; 125000; 2987
2022-11-03 11:39:29; hka-aqm-a103;  26.15;  31.31;   460;   990;    12;     2;     0;     0;   -58;   -58;   8.0; drag-lps8-01; 2; 8; 125000; 2988
2022-11-03 11:54:37; hka-aqm-a103;  26.14;  31.54;   459;   968;    11;     1;     1;     6;   -59;   -59;  10.0; drag-lps8-01; 3; 8; 125000; 2989
2022-11-03 12:02:14; hka-aqm-a103;  26.15;  31.68;   462;   960;   343;    63;     1;     6;   -59;   -59;  11.8; drag-lps8-01; 1; 8; 125000; 2990
2022-11-03 12:02:37; hka-aqm-a103;  26.15;  31.71;   461;   962;   451;    69;     0;     0;   -59;   -59;  11.8; drag-lps8-01; 4; 8; 125000; 2991
2022-11-03 12:07:56; hka-aqm-a103;  26.04;  32.52;   458;   963;   107;    15;     1;     1;   -65;   -65;   8.0; drag-lps8-01; 5; 8; 125000; 2992
2022-11-03 12:08:34; hka-aqm-a103;  25.89;  32.42;   463;   962;   265;    34;     1;     1;   -77;   -77;  11.5; drag-lps8-01; 7; 8; 125000; 2993
