# Logfile LoRaWAN TTN/TTS V3 logger version hka-log V 1.1
date_time;device_id;tmp;hum;CO2;VOC;vis;IR;WIFI;BLE;rssi;channel_rssi;snr;gateway;channel_index;spreading_factor;bandwidth;f_cnt
2023-09-19 00:04:26; hka-aqm-a111;  25.00;  54.51;   458;  1108;     6;     2;     2;     0;  -117;  -117;  -0.8; drag-lps8-08; 3; 7; 125000; 1834
2023-09-19 00:13:58; hka-aqm-a111;  24.84;  54.79;   454;   926;     4;     0;     2;     0;  -118;  -118;  -1.0; drag-lps8-08; 4; 7; 125000; 1835
2023-09-19 00:24:18; hka-aqm-a111;  24.84;  54.60;   451;   866;     4;     1;     2;     0;  -118;  -118;   0.2; drag-lps8-08; 7; 7; 125000; 1836
2023-09-19 00:28:39; hka-aqm-a111;  24.78;  54.66;   450;   887;     4;     0;     2;     0;  -117;  -117;  -3.2; drag-outd-01; 0; 7; 125000; 1837
2023-09-19 00:36:18; hka-aqm-a111;  24.73;  54.79;   452;   891;     6;     2;     1;     0;  -118;  -118;  -4.2; drag-outd-01; 2; 7; 125000; 1838
2023-09-19 00:51:24; hka-aqm-a111;  24.58;  55.45;   444;   997;     4;     0;     1;     0;  -112;  -112;  -0.8; drag-lps8-08; 6; 7; 125000; 1839
2023-09-19 01:02:38; hka-aqm-a111;  24.60;  55.45;   440;   820;     4;     0;     2;     0;  -118;  -118;  -4.2; drag-outd-01; 2; 7; 125000; 1840
2023-09-19 01:16:39; hka-aqm-a111;  24.52;  55.60;   438;   784;     4;     1;     2;     1;  -120;  -120;  -4.5; drag-outd-01; 3; 7; 125000; 1841
2023-09-19 01:25:59; hka-aqm-a111;  24.56;  55.63;   445;   800;     4;     1;     1;     0;  -112;  -112;   0.5; drag-lps8-08; 0; 7; 125000; 1842
2023-09-19 01:31:58; hka-aqm-a111;  24.50;  55.91;   447;   845;     4;     0;     2;     0;  -120;  -120;  -4.8; drag-outd-01; 1; 7; 125000; 1843
2023-09-19 01:40:40; hka-aqm-a111;  24.53;  55.66;   439;   882;     4;     1;     1;     0;  -115;  -115;   0.8; drag-lps8-08; 4; 7; 125000; 1844
2023-09-19 01:45:17; hka-aqm-a111;  24.53;  55.73;   445;   847;     6;     2;     1;     0;  -117;  -117;   0.8; drag-lps8-08; 7; 7; 125000; 1845
2023-09-19 01:54:17; hka-aqm-a111;  24.46;  55.76;   445;   842;     4;     0;     2;     0;  -120;  -120;  -6.0; drag-lps8-02; 5; 7; 125000; 1846
2023-09-19 02:09:23; hka-aqm-a111;  24.47;  55.54;   450;  1009;     4;     0;     1;     0;  -119;  -119;  -5.2; drag-outd-01; 0; 7; 125000; 1847
2023-09-19 02:13:18; hka-aqm-a111;  24.36;  55.95;   449;   820;     4;     0;     1;     0;  -115;  -115;  -2.2; drag-outd-01; 2; 7; 125000; 1848
2023-09-19 02:28:24; hka-aqm-a111;  24.38;  55.63;   444;   956;     6;     2;     1;     0;  -122;  -122;  -4.2; drag-outd-01; 3; 7; 125000; 1849
2023-09-19 02:43:30; hka-aqm-a111;  24.29;  55.73;   439;   957;     4;     0;     2;     0;  -114;  -114;   1.2; drag-lps8-08; 1; 7; 125000; 1850
2023-09-19 02:43:38; hka-aqm-a111;  24.29;  55.70;   439;   788;     4;     0;     2;     0;  -115;  -115;   1.2; drag-lps8-08; 7; 7; 125000; 1851
2023-09-19 02:53:58; hka-aqm-a111;  24.26;  55.91;   443;   832;     5;     1;     2;     0;  -114;  -114;  -0.5; drag-lps8-08; 5; 7; 125000; 1852
2023-09-19 03:09:04; hka-aqm-a111;  24.30;  55.63;   441;  1018;     5;     1;     2;     0;  -115;  -115;   1.0; drag-lps8-08; 6; 7; 125000; 1853
2023-09-19 03:22:18; hka-aqm-a111;  24.22;  55.73;   447;   838;     4;     0;     2;     0;  -115;  -115;   0.5; drag-lps8-08; 4; 7; 125000; 1854
2023-09-19 03:37:24; hka-aqm-a111;  24.22;  55.51;   446;  1039;     4;     0;     2;     0;  -118;  -118;   0.5; drag-lps8-08; 7; 7; 125000; 1855
2023-09-19 03:51:20; hka-aqm-a111;  24.29;  55.35;   442;   876;     6;     2;     2;     0;  -123;  -123;  -8.0; drag-lps8-02; 5; 7; 125000; 1856
2023-09-19 04:06:26; hka-aqm-a111;  24.24;  55.48;   445;  1048;     6;     2;     1;     0;  -122;  -122;  -7.5; drag-lps8-02; 4; 7; 125000; 1857
2023-09-19 04:09:19; hka-aqm-a111;  24.21;  55.60;   444;   866;     4;     1;     1;     0;  -119;  -119;  -5.2; drag-outd-01; 2; 7; 125000; 1858
2023-09-19 04:16:18; hka-aqm-a111;  24.22;  55.57;   444;   861;     4;     0;     2;     0;  -117;  -117;   1.2; drag-lps8-08; 0; 7; 125000; 1859
2023-09-19 04:17:39; hka-aqm-a111;  24.20;  55.60;   446;   830;     4;     1;     2;     0;  -114;  -114;   0.2; drag-lps8-08; 1; 7; 125000; 1860
2023-09-19 04:32:45; hka-aqm-a111;  24.20;  55.70;   446;  1030;     4;     0;     2;     0;  -122;  -122;  -4.5; drag-outd-01; 3; 7; 125000; 1861
2023-09-19 04:35:17; hka-aqm-a111;  24.18;  55.76;   449;   912;     6;     2;     2;     0;  -114;  -114;   1.0; drag-lps8-08; 6; 7; 125000; 1862
2023-09-19 04:44:38; hka-aqm-a111;  24.18;  55.79;   451;   926;     4;     0;     2;     0;  -122;  -122;  -8.5; drag-lps8-02; 5; 7; 125000; 1863
2023-09-19 04:51:59; hka-aqm-a111;  24.15;  55.76;   453;   889;     6;     2;     2;     0;  -115;  -115;   0.5; drag-lps8-08; 6; 7; 125000; 1864
2023-09-19 05:07:05; hka-aqm-a111;  24.07;  56.13;   448;  1018;     4;     0;     2;     0;  -112;  -112;   1.0; drag-lps8-08; 2; 7; 125000; 1865
2023-09-19 05:15:38; hka-aqm-a111;  24.05;  56.16;   445;   840;     6;     2;     2;     0;  -117;  -117;  -1.2; drag-outd-01; 3; 7; 125000; 1866
2023-09-19 05:18:39; hka-aqm-a111;  24.07;  56.20;   444;   888;     4;     1;     2;     0;  -118;  -118;  -3.5; drag-outd-01; 4; 7; 125000; 1867
2023-09-19 05:22:58; hka-aqm-a111;  24.14;  55.98;   445;   874;     5;     0;     1;     0;  -118;  -118; nan; drag-lps8-08; 0; 7; 125000; 1868
2023-09-19 05:38:04; hka-aqm-a111;  24.06;  56.35;   448;  1060;     4;     0;     3;     2;  -114;  -114;   1.5; drag-lps8-08; 1; 7; 125000; 1869
2023-09-19 05:53:10; hka-aqm-a111;  24.09;  56.35;   465;  1122;     4;     0;     3;     2;  -117;  -117;   0.5; drag-lps8-08; 7; 7; 125000; 1870
2023-09-19 05:55:18; hka-aqm-a111;  24.09;  56.51;   456;   955;     5;     0;     3;     2;  -115;  -115;   1.2; drag-lps8-08; 4; 7; 125000; 1871
2023-09-19 06:10:24; hka-aqm-a111;  24.02;  56.85;   453;  1157;     4;     0;     2;     1;  -120;  -120;  -5.5; drag-outd-01; 2; 7; 125000; 1872
2023-09-19 06:12:38; hka-aqm-a111;  24.08;  56.54;   453;   976;     5;     0;     2;     1;  -115;  -115;   1.0; drag-lps8-08; 7; 7; 125000; 1873
2023-09-19 06:15:18; hka-aqm-a111;  24.14;  56.41;   456;  1006;     5;     0;     1;     0;  -120;  -120;  -4.5; drag-outd-01; 1; 7; 125000; 1874
2023-09-19 06:30:24; hka-aqm-a111;  24.36;  56.10;   463;  1294;     5;     0;     3;     0;  -113;  -113;   1.5; drag-lps8-08; 6; 7; 125000; 1875
2023-09-19 06:30:58; hka-aqm-a111;  24.36;  56.01;   463;  1266;    94;    14;     3;     0;  -113;  -113;   0.5; drag-lps8-08; 3; 7; 125000; 1876
2023-09-19 06:32:58; hka-aqm-a111;  24.40;  57.50;   467;  1141;   128;    13;     1;     0;  -124;  -124;  -6.8; drag-outd-01; 0; 7; 125000; 1877
2023-09-19 06:34:37; hka-aqm-a111;  24.39;  56.88;   474;  1094;     5;     5;     1;     0;  -120;  -120;  -6.2; drag-lps8-02; 5; 7; 125000; 1878
2023-09-19 06:49:43; hka-aqm-a111;  24.56;  56.04;   476;  1306;     5;     1;     1;     1;  -118;  -118;  -3.5; drag-outd-01; 2; 7; 125000; 1879
2023-09-19 06:55:38; hka-aqm-a111;  24.48;  56.07;   472;  1123;     8;     3;     2;     1;  -114;  -114;   1.2; drag-lps8-08; 6; 7; 125000; 1880
2023-09-19 07:10:44; hka-aqm-a111;  24.44;  56.13;   460;  1188;    20;     6;     3;     2;  -119;  -119;  -3.8; drag-outd-01; 4; 7; 125000; 1881
2023-09-19 07:13:38; hka-aqm-a111;  24.38;  56.35;   460;  1008;    27;     8;     3;     2;  -122;  -122;  -7.5; drag-outd-01; 0; 7; 125000; 1882
2023-09-19 07:28:44; hka-aqm-a111;  24.36;  56.04;   460;  1129;    21;     6;     2;     2;  -120;  -120;  -7.5; drag-outd-01; 5; 7; 125000; 1883
2023-09-19 07:32:58; hka-aqm-a111;  24.44;  55.73;   451;   957;    26;     7;     2;     2;  -120;  -120;  -3.5; drag-outd-01; 3; 7; 125000; 1884
2023-09-19 07:48:04; hka-aqm-a111;  24.48;  55.63;   451;  1114;    67;    19;     2;     1;  -122;  -122;  -7.8; drag-outd-01; 1; 7; 125000; 1885
2023-09-19 08:03:10; hka-aqm-a111;  24.31;  55.54;   448;  1005;   151;    43;     2;     1;  -114;  -114;   0.2; drag-lps8-08; 7; 7; 125000; 1886
2023-09-19 08:05:37; hka-aqm-a111;  24.21;  55.66;   450;   909;   184;    54;     2;     1;  -114;  -114;  -0.2; drag-lps8-08; 3; 7; 125000; 1887
2023-09-19 08:20:43; hka-aqm-a111;  24.38;  54.69;   453;  1136;   134;    37;     2;     0;  -114;  -114;   1.8; drag-lps8-08; 1; 7; 125000; 1888
2023-09-19 08:30:19; hka-aqm-a111;  24.36;  54.57;   450;   944;   269;    74;     2;     1;  -112;  -112;  -0.5; drag-lps8-08; 5; 7; 125000; 1889
2023-09-19 08:45:25; hka-aqm-a111;  24.44;  53.91;   454;  1150;   487;   131;     2;     0;  -118;  -118;   0.8; drag-lps8-08; 7; 7; 125000; 1890
2023-09-19 08:56:18; hka-aqm-a111;  24.47;  53.40;   457;  1100;   510;   136;     2;     1;  -119;  -119;  -1.2; drag-lps8-08; 6; 7; 125000; 1891
2023-09-19 08:57:59; hka-aqm-a111;  24.48;  53.28;   454;  1103;   559;   149;     2;     0;  -120;  -120;  -1.0; drag-lps8-08; 0; 7; 125000; 1892
2023-09-19 09:04:38; hka-aqm-a111;  24.53;  53.03;   454;   941;   798;   215;     2;     0;  -120;  -120;  -5.2; drag-lps8-08; 2; 7; 125000; 1893
2023-09-19 09:13:19; hka-aqm-a111;  24.66;  52.71;   447;  1009;   830;   221;     2;     0;  -124;  -124;  -6.5; drag-outd-01; 4; 7; 125000; 1894
2023-09-19 09:15:18; hka-aqm-a111;  24.68;  52.58;   446;  1074;   856;   229;     1;     0;  -124;  -124;  -5.0; drag-lps8-08; 0; 7; 125000; 1895
2023-09-19 09:20:58; hka-aqm-a111;  24.82;  52.39;   450;  1073;   738;   195;     2;     0;  -118;  -118;  -2.5; drag-lps8-08; 3; 7; 125000; 1896
2023-09-19 09:36:04; hka-aqm-a111;  24.99;  51.67;   450;  1080;   844;   224;     2;     1;  -121;  -121;  -6.2; drag-lps8-02; 5; 7; 125000; 1897
2023-09-19 09:51:10; hka-aqm-a111;  25.27;  50.65;   445;  1038;   880;   232;     2;     4;  -120;  -120;  -2.8; drag-lps8-08; 6; 7; 125000; 1898
2023-09-19 09:52:38; hka-aqm-a111;  25.30;  50.56;   445;   873;   909;   240;     2;     4;  -122;  -122;  -3.5; drag-lps8-08; 7; 7; 125000; 1899
2023-09-19 10:03:18; hka-aqm-a111;  25.52;  49.73;   450;  1108;   790;   208;     2;     1;  -122;  -122;  -3.5; drag-lps8-08; 1; 7; 125000; 1900
2023-09-19 10:03:38; hka-aqm-a111;  25.55;  49.79;   450;  1099;   882;   231;     0;     1;  -120;  -120;  -2.5; drag-lps8-08; 4; 7; 125000; 1901
2023-09-19 10:19:05; hka-aqm-a111;  25.89;  48.83;   456;  1153;   689;   183;     2;     5;  -115;  -115;  -0.2; drag-lps8-08; 6; 7; 125000; 1903
2023-09-19 10:23:37; hka-aqm-a111;  25.90;  49.12;   452;  1134;   472;   125;     2;     5;  -114;  -114;  -5.0; drag-lps8-08; 0; 7; 125000; 1904
2023-09-19 10:23:57; hka-aqm-a111;  25.85;  49.03;   451;  1127;   310;    82;     1;     2;  -112;  -112;  -0.5; drag-lps8-08; 3; 7; 125000; 1905
2023-09-19 10:24:18; hka-aqm-a111;  25.93;  48.87;   450;  1125;   811;   218;     1;     2;  -118;  -118;  -2.0; drag-lps8-08; 5; 7; 125000; 1906
2023-09-19 10:26:37; hka-aqm-a111;  25.95;  48.77;   449;  1109;   354;    91;     2;     2;  -114;  -114; nan; drag-lps8-08; 7; 7; 125000; 1907
2023-09-19 10:26:58; hka-aqm-a111;  25.96;  48.74;   447;  1125;   799;   214;     1;     2;  -119;  -119;  -7.2; drag-lps8-02; 4; 7; 125000; 1908
2023-09-19 10:28:17; hka-aqm-a111;  26.02;  48.13;   449;  1128;   273;    71;     1;     3;  -114;  -114;  -0.2; drag-lps8-08; 2; 7; 125000; 1909
2023-09-19 10:30:18; hka-aqm-a111;  25.95;  48.48;   447;  1136;   182;    48;     2;     3;  -115;  -115;   1.2; drag-lps8-08; 1; 7; 125000; 1910
2023-09-19 10:42:37; hka-aqm-a111;  25.70;  47.62;   445;   923;   127;    32;     2;     2;  -123;  -123;  -5.2; drag-outd-01; 3; 7; 125000; 1911
2023-09-19 10:43:38; hka-aqm-a111;  25.64;  47.90;   445;  1002;   217;    56;     2;     0;  -118;  -118;  -3.8; drag-outd-01; 2; 7; 125000; 1913
2023-09-19 10:43:58; hka-aqm-a111;  25.61;  48.13;   443;  1036;   650;   176;     1;     0;  -115;  -115;  -0.2; drag-lps8-08; 6; 7; 125000; 1914
2023-09-19 10:44:18; hka-aqm-a111;  25.64;  48.13;   443;  1055;   205;    53;     0;     0;  -119;  -119;  -6.8; drag-outd-01; 7; 7; 125000; 1915
2023-09-19 10:45:17; hka-aqm-a111;  25.68;  47.87;   441;  1065;   818;   220;     2;     0;  -118;  -118;  -3.5; drag-outd-01; 4; 7; 125000; 1916
2023-09-19 10:45:56; hka-aqm-a111;  25.61;  47.74;   445;  1067;   205;    52;     2;     0;  -115;  -115;   1.0; drag-lps8-08; 0; 7; 125000; 1917
2023-09-19 10:46:17; hka-aqm-a111;  25.66;  47.42;   444;  1063;   804;   216;     0;     0;  -114;  -114;  -0.2; drag-lps8-08; 1; 7; 125000; 1918
2023-09-19 10:50:57; hka-aqm-a111;  25.62;  47.20;   440;   829;   780;   210;     2;     0;  -120;  -120;  -1.5; drag-lps8-08; 3; 7; 125000; 1919
2023-09-19 10:57:58; hka-aqm-a111;  25.78;  46.27;   439;   865;   834;   223;     2;     0;  -124;  -124;  -7.0; drag-lps8-08; 5; 7; 125000; 1920
2023-09-19 11:00:57; hka-aqm-a111;  25.82;  45.98;   438;   824;   796;   214;     1;     0;  -118;  -118;  -6.5; drag-outd-01; 7; 7; 125000; 1921
2023-09-19 11:03:17; hka-aqm-a111;  25.84;  45.75;   439;  1036;   746;   199;     3;     0;  -122;  -122;  -7.2; drag-outd-01; 2; 7; 125000; 1922
2023-09-19 11:15:18; hka-aqm-a111;  26.04;  44.07;   439;   963;   662;   179;     3;     1;  -119;  -119;  -4.8; drag-outd-01; 0; 7; 125000; 1924
2023-09-19 11:25:18; hka-aqm-a111;  26.06;  44.03;   437;   879;   776;   212;     2;     1;  -124;  -124;  -6.5; drag-lps8-08; 6; 7; 125000; 1925
2023-09-19 11:33:58; hka-aqm-a111;  26.15;  44.00;   436;  1006;   371;    97;     2;     1;  -118;  -118;  -2.5; drag-outd-01; 1; 7; 125000; 1926
2023-09-19 11:34:38; hka-aqm-a111;  26.18;  43.90;   439;  1003;   699;   194;     2;     1;  -122;  -122;  -6.8; drag-outd-01; 4; 7; 125000; 1927
2023-09-19 11:41:59; hka-aqm-a111;  26.14;  43.16;   435;  1044;   203;    51;     3;     3;  -120;  -120;  -4.0; drag-lps8-08; 6; 7; 125000; 1928
2023-09-19 11:42:18; hka-aqm-a111;  26.19;  43.03;   435;  1021;   367;    96;     1;     3;  -124;  -124;  -8.8; drag-outd-01; 0; 7; 125000; 1929
2023-09-19 11:42:39; hka-aqm-a111;  26.19;  43.48;   436;  1026;   688;   192;     3;     3;  -118;  -118;  -5.8; drag-outd-01; 5; 7; 125000; 1930
2023-09-19 11:43:58; hka-aqm-a111;  26.29;  42.99;   435;   967;   584;   164;     3;     4;  -115;  -115; nan; drag-outd-01; 3; 7; 125000; 1931
2023-09-19 11:44:36; hka-aqm-a111;  26.26;  42.99;   439;   994;   282;    73;     3;     2;  -115;  -115;  -1.8; drag-outd-01; 1; 7; 125000; 1932
2023-09-19 11:44:59; hka-aqm-a111;  26.24;  42.47;   437;   993;   639;   174;     1;     2;  -120;  -120;  -1.5; drag-lps8-08; 7; 7; 125000; 1933
2023-09-19 11:46:18; hka-aqm-a111;  26.21;  42.83;   434;   798;   664;   186;     1;     3;  -116;  -116;  -3.2; drag-outd-01; 2; 7; 125000; 1934
2023-09-19 11:53:58; hka-aqm-a111;  26.36;  42.64;   432;   811;   640;   185;     2;     2;  -124;  -124;  -9.0; drag-lps8-02; 5; 7; 125000; 1935
2023-09-19 11:54:39; hka-aqm-a111;  26.35;  42.90;   436;   876;   263;    71;     1;     1;  -124;  -124;  -5.2; drag-lps8-08; 3; 7; 125000; 1936
2023-09-19 11:54:59; hka-aqm-a111;  26.35;  42.51;   434;   929;   490;   136;     1;     1;  -118;  -118;  -3.5; drag-outd-01; 0; 7; 125000; 1937
2023-09-19 11:55:36; hka-aqm-a111;  26.27;  43.03;   438;   961;   615;   178;     0;     1;  -115;  -115;  -1.0; drag-outd-01; 1; 7; 125000; 1938
2023-09-19 11:57:59; hka-aqm-a111;  26.40;  43.29;   433;   952;   605;   175;     2;     2;  -122;  -122;  -3.2; drag-lps8-08; 7; 7; 125000; 1939
2023-09-19 11:58:17; hka-aqm-a111;  26.42;  42.80;   432;   954;   358;   102;     1;     1;  -123;  -123;  -6.2; drag-lps8-08; 2; 7; 125000; 1940
2023-09-19 11:58:37; hka-aqm-a111;  26.41;  42.99;   432;   957;   201;    52;     1;     1;  -120;  -120;  -8.5; drag-outd-01; 6; 7; 125000; 1941
2023-09-19 12:00:18; hka-aqm-a111;  26.38;  42.18;   432;   983;   550;   159;     1;     1;  -125;  -125;  -5.8; drag-lps8-08; 4; 7; 125000; 1942
2023-09-19 12:00:39; hka-aqm-a111;  26.38;  42.24;   432;   964;   324;    89;     1;     1;  -119;  -119;  -1.2; drag-lps8-08; 7; 7; 125000; 1943
2023-09-19 12:00:58; hka-aqm-a111;  26.35;  42.08;   432;   945;   563;   164;     1;     1;  -119;  -119;  -4.8; drag-outd-01; 1; 7; 125000; 1944
2023-09-19 12:02:18; hka-aqm-a111;  26.32;  42.44;   432;   890;   319;    87;     1;     1;  -116;  -116;  -3.0; drag-outd-01; 2; 7; 125000; 1945
2023-09-19 12:02:37; hka-aqm-a111;  26.29;  42.51;   432;   879;   192;    49;     1;     1;  -124;  -124;  -5.8; drag-lps8-08; 5; 7; 125000; 1946
2023-09-19 12:05:18; hka-aqm-a111;  26.22;  42.41;   436;   953;   329;    93;     3;     2;  -120;  -120;  -4.5; drag-outd-01; 0; 7; 125000; 1947
2023-09-19 12:05:38; hka-aqm-a111;  26.25;  43.25;   434;   940;   518;   155;     2;     1;  -120;  -120;  -2.0; drag-lps8-08; 4; 7; 125000; 1948
2023-09-19 12:08:17; hka-aqm-a111;  26.28;  42.77;   435;  1004;   225;    60;     2;     2;  -120;  -120;  -2.2; drag-outd-01; 3; 7; 125000; 1949
2023-09-19 12:08:37; hka-aqm-a111;  26.28;  42.90;   435;   988;   342;    94;     2;     1;  -116;  -116;  -7.8; drag-outd-01; 6; 7; 125000; 1950
2023-09-19 12:09:39; hka-aqm-a111;  26.28;  42.64;   438;   994;   521;   158;     2;     1;  -120;  -120;  -2.2; drag-outd-01; 3; 7; 125000; 1951
2023-09-19 12:09:57; hka-aqm-a111;  26.28;  42.86;   438;   965;   240;    65;     1;     1;  -118;  -118;  -4.0; drag-outd-01; 2; 7; 125000; 1952
2023-09-19 12:10:18; hka-aqm-a111;  26.26;  42.90;   437;   955;   503;   150;     1;     1;  -114;  -114; nan; drag-lps8-08; 6; 7; 125000; 1953
2023-09-19 12:11:39; hka-aqm-a111;  26.22;  42.51;   435;   907;   170;    45;     1;     1;  -117;  -117;  -4.0; drag-outd-01; 0; 7; 125000; 1954
2023-09-19 12:13:38; hka-aqm-a111;  26.16;  42.57;   435;   912;   391;   116;     2;     2;  -118;  -118; nan; drag-lps8-08; 7; 7; 125000; 1955
2023-09-19 12:14:18; hka-aqm-a111;  26.08;  42.51;   439;   914;   483;   147;     1;     2;  -123;  -123;  -5.0; drag-lps8-08; 1; 7; 125000; 1956
2023-09-19 12:14:38; hka-aqm-a111;  26.18;  42.96;   437;   897;   265;    77;     2;     4;  -118;  -118;  -2.0; drag-lps8-08; 4; 7; 125000; 1957
2023-09-19 12:15:17; hka-aqm-a111;  26.10;  42.86;   435;   893;   462;   140;     2;     4;  -121;  -121;  -3.8; drag-lps8-08; 5; 7; 125000; 1958
2023-09-19 12:16:36; hka-aqm-a111;  26.17;  42.64;   443;   945;   347;   103;     1;     4;  -120;  -120;  -6.0; drag-outd-01; 0; 7; 125000; 1959
2023-09-19 12:16:56; hka-aqm-a111;  26.21;  42.70;   441;   942;   486;   151;     0;     3;  -122;  -122;  -5.5; drag-lps8-08; 2; 7; 125000; 1960
2023-09-19 12:18:19; hka-aqm-a111;  26.21;  42.83;   434;   977;   265;    80;     0;     3;  -117;  -117;  -2.2; drag-lps8-08; 4; 7; 125000; 1961
2023-09-19 12:18:38; hka-aqm-a111;  26.18;  42.28;   434;   969;   457;   144;     2;     2;  -123;  -123;  -8.0; drag-outd-01; 1; 7; 125000; 1962
2023-09-19 12:22:36; hka-aqm-a111;  26.24;  42.64;   436;   924;   218;    62;     2;     3;  -116;  -116;  -1.5; drag-lps8-08; 7; 7; 125000; 1963
2023-09-19 12:22:56; hka-aqm-a111;  26.26;  42.96;   435;   923;   419;   135;     1;     1;  -119;  -119;  -0.8; drag-lps8-08; 6; 7; 125000; 1964
2023-09-19 12:23:38; hka-aqm-a111;  26.26;  42.38;   435;   958;   266;    79;     1;     1;  -118;  -118;  -0.8; drag-lps8-08; 3; 7; 125000; 1965
2023-09-19 12:23:59; hka-aqm-a111;  26.28;  42.64;   434;   969;   432;   140;     1;     1;  -116;  -116;  -1.5; drag-lps8-08; 5; 7; 125000; 1966
2023-09-19 12:25:59; hka-aqm-a111;  26.25;  42.51;   433;   951;   373;   118;     1;     2;  -120;  -120;  -1.5; drag-outd-01; 3; 7; 125000; 1967
2023-09-19 12:26:56; hka-aqm-a111;  26.24;  42.57;   437;   956;   342;   108;     2;     1;  -118;  -118;  -0.5; drag-lps8-08; 0; 7; 125000; 1968
2023-09-19 12:28:36; hka-aqm-a111;  26.36;  42.67;   438;   983;   273;    82;     2;     1;  -115;  -115;  -4.2; drag-outd-01; 5; 7; 125000; 1969
2023-09-19 12:29:16; hka-aqm-a111;  26.32;  42.38;   441;   993;   210;    60;     2;     1;  -120;  -120;  -5.8; drag-outd-01; 2; 7; 125000; 1970
2023-09-19 12:29:39; hka-aqm-a111;  26.36;  42.70;   439;   981;   328;   104;     2;     1;  -122;  -122;  -4.2; drag-lps8-08; 6; 7; 125000; 1971
2023-09-19 12:29:58; hka-aqm-a111;  26.30;  42.64;   437;   985;   392;   131;     0;     1;  -124;  -124;  -4.5; drag-lps8-08; 7; 7; 125000; 1972
2023-09-19 12:30:18; hka-aqm-a111;  26.35;  42.90;   436;   972;   320;   103;     0;     1;  -122;  -122;  -7.0; drag-outd-01; 1; 7; 125000; 1973
2023-09-19 12:30:38; hka-aqm-a111;  26.35;  42.38;   435;   991;   263;    79;     1;     1;  -121;  -121;  -6.8; drag-outd-01; 4; 7; 125000; 1974
2023-09-19 12:31:18; hka-aqm-a111;  26.34;  42.83;   436;  1016;   172;    46;     1;     1;  -124;  -124;  -5.8; drag-lps8-08; 5; 7; 125000; 1975
2023-09-19 12:42:16; hka-aqm-a111;  26.10;  42.31;   439;   914;   332;   114;     2;     1;  -122;  -122;  -3.8; drag-lps8-08; 6; 7; 125000; 1976
2023-09-19 12:43:17; hka-aqm-a111;  26.10;  42.96;   437;   780;   246;    78;     1;     1;  -119;  -119;  -4.8; drag-outd-01; 2; 7; 125000; 1977
2023-09-19 12:43:56; hka-aqm-a111;  26.13;  42.57;   439;   846;   188;    54;     1;     0;  -126;  -126;  -7.2; drag-lps8-08; 1; 7; 125000; 1978
2023-09-19 12:45:18; hka-aqm-a111;  26.00;  42.73;   433;   931;   299;   103;     1;     0;  -126;  -126;  -7.5; drag-lps8-08; 0; 7; 125000; 1979
2023-09-19 12:48:17; hka-aqm-a111;  26.08;  42.96;   437;   970;   179;    48;     1;     3;  -126;  -126;  -6.5; drag-lps8-08; 7; 7; 125000; 1980
2023-09-19 12:51:56; hka-aqm-a111;  26.02;  42.64;   438;   956;   297;   103;     2;     3;  -122;  -122;  -7.2; drag-outd-01; 4; 7; 125000; 1981
2023-09-19 12:53:16; hka-aqm-a111;  26.06;  42.70;   436;   885;   229;    70;     0;     1;  -119;  -119;  -1.2; drag-outd-01; 3; 7; 125000; 1982
2023-09-19 12:54:17; hka-aqm-a111;  26.02;  42.57;   435;   952;   249;    78;     1;     3;  -120;  -120;  -5.0; drag-outd-01; 0; 7; 125000; 1983
2023-09-19 12:55:36; hka-aqm-a111;  25.99;  42.90;   439;   968;   267;    87;     1;     2;  -123;  -123;  -4.8; drag-lps8-08; 4; 7; 125000; 1984
2023-09-19 12:56:17; hka-aqm-a111;  25.98;  43.09;   437;   968;   192;    52;     0;     1;  -116;  -116;  -1.0; drag-lps8-08; 6; 7; 125000; 1985
2023-09-19 12:58:18; hka-aqm-a111;  25.97;  42.86;   441;   994;   290;   102;     2;     2;  -120;  -120;  -5.0; drag-outd-01; 1; 7; 125000; 1986
2023-09-19 12:59:58; hka-aqm-a111;  25.98;  43.29;   438;  1034;   185;    51;     1;     2;  -120;  -120;  -6.0; drag-outd-01; 2; 7; 125000; 1987
2023-09-19 13:03:56; hka-aqm-a111;  25.99;  42.93;   439;   908;   236;    56;     2;     5;  -124;  -124;  -5.2; drag-lps8-08; 7; 7; 125000; 1988
2023-09-19 13:06:38; hka-aqm-a111;  25.96;  42.99;   444;  1082;   156;    44;     2;     7;  -118;  -118;  -5.2; drag-outd-01; 5; 7; 125000; 1989
2023-09-19 13:07:38; hka-aqm-a111;  25.97;  42.96;   454;  1096;   273;    98;     1;     7;  -123;  -123;  -4.8; drag-lps8-08; 3; 7; 125000; 1990
2023-09-19 13:07:59; hka-aqm-a111;  25.98;  42.90;   456;   989;   182;    54;     1;     7;  -122;  -122;  -4.0; drag-lps8-08; 7; 7; 125000; 1991
2023-09-19 13:08:18; hka-aqm-a111;  25.95;  42.73;   458;  1034;   286;   103;     1;     4;  -119;  -119;  -5.2; drag-outd-01; 2; 7; 125000; 1992
2023-09-19 13:08:58; hka-aqm-a111;  25.94;  42.67;   461;  1064;   195;    57;     1;     4;  -123;  -123;  -4.8; drag-outd-01; 3; 7; 125000; 1993
2023-09-19 13:09:17; hka-aqm-a111;  25.93;  42.64;   461;  1049;   311;   112;     0;     2;  -122;  -122;  -5.5; drag-lps8-08; 4; 7; 125000; 1994
2023-09-19 13:09:56; hka-aqm-a111;  25.91;  42.44;   464;  1070;   201;    59;     0;     4;  -121;  -121;  -4.2; drag-lps8-08; 0; 7; 125000; 1995
2023-09-19 13:11:57; hka-aqm-a111;  25.93;  43.09;   453;  1049;   288;   100;     1;     4;  -120;  -120;  -3.2; drag-lps8-08; 5; 7; 125000; 1996
2023-09-19 13:15:17; hka-aqm-a111;  25.88;  42.64;   450;  1044;   211;    65;     1;     3;  -121;  -121;  -7.0; drag-outd-01; 1; 7; 125000; 1997
2023-09-19 13:15:38; hka-aqm-a111;  25.90;  42.70;   447;   865;   185;    52;     0;     2;  -116;  -116;  -1.0; drag-lps8-08; 6; 7; 125000; 1998
2023-09-19 13:18:37; hka-aqm-a111;  25.72;  42.64;   444;   923;   258;    86;     1;     3;  -117;  -117;  -3.0; drag-outd-01; 2; 7; 125000; 1999
2023-09-19 13:22:39; hka-aqm-a111;  25.78;  42.64;   442;   881;   196;    57;     1;     5;  -120;  -120;  -2.0; drag-lps8-08; 3; 7; 125000; 2000
2023-09-19 13:23:19; hka-aqm-a111;  25.79;  42.86;   439;   933;   327;   122;     1;     2;  -115;  -115;  -4.0; drag-outd-01; 7; 7; 125000; 2001
2023-09-19 13:26:59; hka-aqm-a111;  25.77;  42.70;   442;  1034;   229;    74;     2;     4;  -117;  -117;  -5.2; drag-outd-01; 5; 7; 125000; 2002
2023-09-19 13:28:37; hka-aqm-a111;  25.82;  42.47;   440;  1087;   186;    53;     1;     8;  -120;  -120;  -1.5; drag-lps8-08; 6; 7; 125000; 2003
2023-09-19 13:32:57; hka-aqm-a111;  25.86;  42.38;   440;   955;   281;   106;     2;     8;  -123;  -123;  -6.0; drag-outd-01; 4; 7; 125000; 2004
2023-09-19 13:34:18; hka-aqm-a111;  25.96;  42.44;   438;  1021;   144;    39;     3;     7;  -114;  -114;  -0.5; drag-lps8-08; 1; 7; 125000; 2005
2023-09-19 13:35:18; hka-aqm-a111;  25.94;  42.24;   438;  1009;   263;    97;     1;     7;  -115;  -115; nan; drag-lps8-08; 0; 7; 125000; 2006
2023-09-19 13:36:18; hka-aqm-a111;  25.94;  42.44;   437;   843;   137;    36;     1;     6;  -122;  -122;  -4.5; drag-outd-01; 3; 7; 125000; 2007
2023-09-19 13:39:38; hka-aqm-a111;  25.86;  42.64;   438;  1034;   277;   106;     2;     7;  -118;  -118;  -1.0; drag-lps8-08; 6; 7; 125000; 2008
2023-09-19 13:39:58; hka-aqm-a111;  25.88;  42.83;   438;  1056;   152;    44;     1;     4;  -114;  -114;   0.5; drag-lps8-08; 1; 7; 125000; 2009
2023-09-19 13:40:56; hka-aqm-a111;  25.88;  42.47;   446;  1059;   282;   107;     1;     6;  -119;  -119;  -4.2; drag-outd-01; 2; 7; 125000; 2010
2023-09-19 13:42:18; hka-aqm-a111;  25.89;  42.54;   443;  1016;   185;    59;     1;     6;  -120;  -120;  -4.5; drag-outd-01; 0; 7; 125000; 2011
2023-09-19 13:42:37; hka-aqm-a111;  25.87;  42.24;   441;   839;   165;    50;     1;     4;  -117;  -117;   0.2; drag-lps8-08; 7; 7; 125000; 2012
2023-09-19 13:57:43; hka-aqm-a111;  25.81;  42.18;   441;  1020;   220;    87;     2;     6;  -115;  -115;  -1.2; drag-outd-01; 4; 7; 125000; 2013
2023-09-19 14:12:49; hka-aqm-a111;  25.82;  41.46;   437;  1034;   226;    91;     0;     1;  -120;  -120;  -2.8; drag-lps8-08; 5; 7; 125000; 2014
2023-09-19 14:16:38; hka-aqm-a111;  25.80;  41.79;   436;   803;   128;    40;     2;     7;  -118;  -118; nan; drag-lps8-08; 3; 7; 125000; 2015
2023-09-19 14:17:38; hka-aqm-a111;  25.90;  41.40;   435;   901;   200;    74;     1;     1;  -116;  -116;  -1.0; drag-lps8-08; 5; 7; 125000; 2016
2023-09-19 14:17:57; hka-aqm-a111;  25.90;  41.23;   436;   905;   114;    32;     1;     1;  -116;  -116;  -1.2; drag-lps8-08; 2; 7; 125000; 2017
2023-09-19 14:18:58; hka-aqm-a111;  25.82;  41.13;   439;   858;   175;    61;     1;     1;  -116;  -116;  -1.5; drag-lps8-08; 1; 7; 125000; 2018
2023-09-19 14:21:38; hka-aqm-a111;  25.78;  41.33;   437;   959;   138;    40;     1;     5;  -117;  -117; nan; drag-lps8-08; 7; 7; 125000; 2019
2023-09-19 14:23:38; hka-aqm-a111;  25.78;  41.53;   439;   998;   269;   104;     1;     3;  -120;  -120;  -1.8; drag-lps8-08; 6; 7; 125000; 2020
2023-09-19 14:24:58; hka-aqm-a111;  25.80;  41.13;   437;  1003;   123;    34;     1;     2;  -118;  -118;  -3.8; drag-outd-01; 0; 7; 125000; 2021
2023-09-19 14:25:37; hka-aqm-a111;  25.82;  41.66;   435;   977;   249;    95;     1;     2;  -116;  -116;  -2.2; drag-outd-01; 4; 7; 125000; 2022
2023-09-19 14:40:43; hka-aqm-a111;  25.87;  41.20;   436;   940;   218;    85;     3;     7;  -122;  -122;  -3.8; drag-lps8-08; 2; 7; 125000; 2023
2023-09-19 14:43:38; hka-aqm-a111;  25.90;  41.40;   439;   794;   207;    81;     3;     7;  -116;  -116;  -7.0; drag-outd-01; 6; 7; 125000; 2024
2023-09-19 14:46:18; hka-aqm-a111;  25.95;  40.94;   441;   919;    85;    22;     2;     3;  -118;  -118;  -0.5; drag-lps8-08; 0; 7; 125000; 2025
2023-09-19 14:48:18; hka-aqm-a111;  25.95;  41.10;   439;   784;   100;    30;     1;     3;  -115;  -115;  -1.2; drag-lps8-08; 4; 7; 125000; 2026
2023-09-19 14:48:58; hka-aqm-a111;  25.88;  40.64;   439;   879;   221;    89;     0;     3;  -118;  -118;  -7.8; drag-outd-01; 5; 7; 125000; 2027
2023-09-19 14:53:18; hka-aqm-a111;  25.83;  40.74;   439;   933;    77;    19;     3;     3;  -120;  -120;  -6.8; drag-outd-01; 7; 7; 125000; 2028
2023-09-19 14:54:59; hka-aqm-a111;  25.88;  41.04;   435;   949;   174;    66;     2;     2;  -122;  -122;  -8.0; drag-lps8-08; 3; 7; 125000; 2029
2023-09-19 14:55:18; hka-aqm-a111;  25.86;  41.13;   435;   940;   113;    36;     2;     2;  -119;  -119;  -4.8; drag-lps8-08; 1; 7; 125000; 2030
2023-09-19 14:57:58; hka-aqm-a111;  25.82;  40.94;   438;   923;   200;    77;     1;     2;  -120;  -120;  -5.2; drag-lps8-08; 6; 7; 125000; 2031
2023-09-19 14:58:18; hka-aqm-a111;  25.89;  40.90;   438;   938;   133;    45;     3;     2;  -116;  -116;  -2.8; drag-lps8-08; 2; 7; 125000; 2032
2023-09-19 14:58:58; hka-aqm-a111;  25.87;  40.81;   438;   923;   220;    85;     3;     2;  -118;  -118;  -3.5; drag-outd-01; 4; 7; 125000; 2033
2023-09-19 15:00:18; hka-aqm-a111;  25.87;  40.77;   440;   957;   104;    31;     2;     5;  -120;  -120;  -7.8; drag-outd-01; 5; 7; 125000; 2034
2023-09-19 15:00:37; hka-aqm-a111;  25.86;  40.77;   439;   941;   204;    79;     2;     2;  -120;  -120;  -4.2; drag-lps8-08; 7; 7; 125000; 2035
2023-09-19 15:00:57; hka-aqm-a111;  25.89;  40.51;   438;   836;   143;    48;     2;     2;  -120;  -120;  -5.2; drag-lps8-08; 1; 7; 125000; 2036
2023-09-19 15:01:17; hka-aqm-a111;  25.88;  40.74;   438;   852;   225;    87;     1;     1;  -119;  -119;  -4.2; drag-lps8-08; 0; 7; 125000; 2037
2023-09-19 15:01:56; hka-aqm-a111;  25.87;  40.54;   442;   891;   123;    39;     1;     1;  -120;  -120;  -4.8; drag-lps8-08; 3; 7; 125000; 2038
2023-09-19 15:02:38; hka-aqm-a111;  25.88;  41.00;   441;   969;   183;    66;     0;     2;  -120;  -120;  -5.8; drag-lps8-08; 5; 7; 125000; 2039
2023-09-19 15:05:38; hka-aqm-a111;  25.86;  40.71;   442;   818;   154;    52;     1;     4;  -119;  -119;  -5.0; drag-outd-01; 0; 7; 125000; 2040
2023-09-19 15:07:18; hka-aqm-a111;  25.85;  40.61;   440;   849;   204;    78;     2;     3;  -118;  -118;  -3.5; drag-lps8-08; 4; 7; 125000; 2041
2023-09-19 15:07:57; hka-aqm-a111;  25.83;  40.74;   440;   889;    94;    26;     3;     2;  -119;  -119;  -4.8; drag-lps8-08; 7; 7; 125000; 2042
2023-09-19 15:11:58; hka-aqm-a111;  25.89;  40.61;   435;   829;    87;    22;     1;     3;  -118;  -118;  -1.2; drag-outd-01; 3; 7; 125000; 2043
2023-09-19 15:14:58; hka-aqm-a111;  25.89;  40.68;   438;   992;   202;    78;     1;     3;  -115;  -115;   1.2; drag-lps8-08; 1; 7; 125000; 2044
2023-09-19 15:15:58; hka-aqm-a111;  25.86;  40.51;   440;  1012;   125;    40;     2;     2;  -114;  -114;   0.5; drag-lps8-08; 6; 7; 125000; 2045
2023-09-19 15:16:38; hka-aqm-a111;  25.88;  40.54;   438;   825;   200;    76;     2;     1;  -118;  -118;  -4.5; drag-outd-01; 2; 7; 125000; 2046
2023-09-19 15:31:44; hka-aqm-a111;  25.89;  40.51;   435;   921;   172;    64;     2;     6;  -115;  -115;  -0.8; drag-lps8-08; 5; 7; 125000; 2047
2023-09-19 15:43:19; hka-aqm-a111;  25.90;  40.22;   432;   892;   173;    62;     2;     6;  -114;  -114;   0.5; drag-lps8-08; 1; 7; 125000; 2048
2023-09-19 15:44:18; hka-aqm-a111;  25.79;  40.25;   434;   957;   134;    42;     2;     3;  -116;  -116;  -1.8; drag-lps8-08; 3; 7; 125000; 2049
2023-09-19 15:47:38; hka-aqm-a111;  25.86;  40.54;   433;   955;   137;    42;     2;     3;  -119;  -119;  -5.2; drag-outd-01; 0; 7; 125000; 2051
2023-09-19 15:47:58; hka-aqm-a111;  25.85;  40.54;   433;   965;   205;    77;     1;     0;  -115;  -115;   0.8; drag-lps8-08; 4; 7; 125000; 2052
2023-09-19 15:53:58; hka-aqm-a111;  25.94;  40.48;   432;   950;   192;    69;     2;     1;  -122;  -122;  -8.2; drag-outd-01; 2; 7; 125000; 2053
2023-09-19 15:57:58; hka-aqm-a111;  25.92;  39.99;   435;   893;   123;    37;     1;     1;  -115;  -115; nan; drag-lps8-08; 6; 7; 125000; 2054
2023-09-19 15:59:39; hka-aqm-a111;  25.90;  40.41;   439;   832;   175;    65;     1;     2;  -118;  -118; nan; drag-lps8-08; 7; 7; 125000; 2055
2023-09-19 16:02:18; hka-aqm-a111;  25.93;  40.28;   431;   760;   168;    59;     2;     2;  -120;  -120;  -7.0; drag-lps8-02; 4; 7; 125000; 2056
2023-09-19 16:12:17; hka-aqm-a111;  25.86;  40.22;   434;   810;   172;    63;     2;     4;  -114;  -114;   1.2; drag-lps8-08; 5; 7; 125000; 2057
2023-09-19 16:27:23; hka-aqm-a111;  25.92;  40.18;   435;   947;   148;    52;     2;     4;  -116;  -116;  -2.0; drag-outd-01; 1; 7; 125000; 2058
2023-09-19 16:34:17; hka-aqm-a111;  25.92;  40.51;   432;   862;   123;    43;     2;     4;  -117;  -117;  -8.0; drag-outd-01; 6; 7; 125000; 2059
2023-09-19 16:49:24; hka-aqm-a111;  25.82;  40.58;   433;  1014;   108;    35;     2;     5;  -120;  -120;  -0.8; drag-outd-01; 0; 7; 125000; 2060
2023-09-19 16:51:57; hka-aqm-a111;  25.80;  40.68;   432;   811;    93;    28;     2;     5;  -118;  -118;  -0.2; drag-lps8-08; 3; 7; 125000; 2061
2023-09-19 17:01:37; hka-aqm-a111;  25.84;  40.87;   431;   866;    72;    19;     3;     3;  -114;  -114;  -0.5; drag-lps8-08; 2; 7; 125000; 2062
2023-09-19 17:10:57; hka-aqm-a111;  25.83;  40.81;   436;   915;    92;    29;     2;     5;  -120;  -120;  -8.5; drag-outd-01; 7; 7; 125000; 2063
2023-09-19 17:18:57; hka-aqm-a111;  25.82;  41.04;   434;   867;    78;    22;     2;     3;  -114;  -114;   0.5; drag-lps8-08; 5; 7; 125000; 2064
2023-09-19 17:34:03; hka-aqm-a111;  25.72;  41.66;   436;   970;    80;    26;     3;     6;  -118;  -118;  -1.0; drag-outd-01; 3; 7; 125000; 2065
2023-09-19 17:40:58; hka-aqm-a111;  25.75;  41.66;   436;   877;    75;    23;     3;     6;  -114;  -114;   0.8; drag-lps8-08; 6; 7; 125000; 2066
2023-09-19 17:56:04; hka-aqm-a111;  25.71;  41.92;   429;  1042;    63;    19;     2;     3;  -116;  -116;  -1.8; drag-outd-01; 1; 7; 125000; 2067
2023-09-19 18:11:10; hka-aqm-a111;  25.69;  42.15;   433;  1054;    55;    16;     1;     1;  -115;  -115; nan; drag-lps8-08; 2; 7; 125000; 2068
2023-09-19 18:26:18; hka-aqm-a111;  25.66;  42.57;   435;   978;    49;    15;     2;     4;  -113;  -113;  -0.2; drag-outd-01; 4; 7; 125000; 2069
2023-09-19 18:35:58; hka-aqm-a111;  25.68;  42.60;   437;   972;    42;    13;     2;     5;  -115;  -115;   0.5; drag-lps8-08; 0; 7; 125000; 2070
2023-09-19 18:50:36; hka-aqm-a111;  25.65;  42.86;   439;   939;    28;     7;     2;     2;  -116;  -116;  -0.5; drag-outd-01; 3; 7; 125000; 2071
2023-09-19 19:05:42; hka-aqm-a111;  25.59;  43.22;   439;  1168;    15;     3;     2;     0;  -116;  -116;  -3.5; drag-outd-01; 7; 7; 125000; 2072
2023-09-19 19:09:37; hka-aqm-a111;  25.62;  43.09;   438;   997;    12;     3;     2;     0;  -116;  -116;  -2.5; drag-outd-01; 0; 7; 125000; 2073
2023-09-19 19:24:43; hka-aqm-a111;  25.61;  43.22;   441;  1149;     6;     1;     2;     1;  -115;  -115;   0.2; drag-lps8-08; 1; 7; 125000; 2074
2023-09-19 19:30:17; hka-aqm-a111;  25.54;  43.42;   438;   974;     5;     1;     2;     1;  -120;  -120;  -6.5; drag-lps8-02; 5; 7; 125000; 2075
2023-09-19 19:39:36; hka-aqm-a111;  25.42;  43.81;   438;   961;     4;     0;     2;     1;  -116;  -116;  -3.2; drag-outd-01; 2; 7; 125000; 2076
2023-09-19 19:52:37; hka-aqm-a111;  25.49;  43.68;   437;  1039;     6;     2;     2;     1;  -113;  -113;   0.2; drag-lps8-08; 6; 7; 125000; 2077
2023-09-19 20:07:18; hka-aqm-a111;  25.52;  43.84;   440;  1127;     6;     2;     2;     0;  -115;  -115;   0.8; drag-lps8-08; 4; 7; 125000; 2078
2023-09-19 20:22:24; hka-aqm-a111;  25.32;  44.29;   444;  1135;     5;     1;     2;     1;  -119;  -119;  -5.0; drag-outd-01; 7; 7; 125000; 2079
2023-09-19 20:31:16; hka-aqm-a111;  25.23;  44.46;   439;  1027;     4;     0;     2;     1;  -116;  -116;  -3.0; drag-outd-01; 5; 7; 125000; 2080
2023-09-19 20:35:17; hka-aqm-a111;  25.16;  44.52;   438;  1027;     6;     2;     1;     0;  -113;  -113;   0.8; drag-lps8-08; 4; 7; 125000; 2081
2023-09-19 20:38:36; hka-aqm-a111;  25.16;  44.55;   443;  1027;     4;     1;     2;     1;  -117;  -117;  -3.0; drag-outd-01; 2; 7; 125000; 2082
2023-09-19 20:53:16; hka-aqm-a111;  25.18;  44.65;   445;  1099;     6;     2;     2;     1;  -114;  -114;  -5.0; drag-outd-01; 6; 7; 125000; 2083
2023-09-19 21:08:22; hka-aqm-a111;  25.14;  44.88;   451;  1338;     4;     1;     2;     2;  -117;  -117;  -0.2; drag-outd-01; 3; 7; 125000; 2084
2023-09-19 21:22:37; hka-aqm-a111;  25.09;  45.07;   447;  1108;     4;     0;     2;     2;  -115;  -115;   0.2; drag-lps8-08; 1; 7; 125000; 2085
2023-09-19 21:30:17; hka-aqm-a111;  25.10;  45.17;   444;  1137;     4;     0;     1;     1;  -117;  -117;   0.2; drag-lps8-08; 0; 7; 125000; 2086
2023-09-19 21:45:23; hka-aqm-a111;  25.01;  45.56;   454;  1263;     4;     0;     2;     0;  -114;  -114;   1.5; drag-outd-01; 3; 7; 125000; 2087
2023-09-19 21:49:37; hka-aqm-a111;  25.04;  45.49;   452;  1103;     4;     1;     2;     0;  -115;  -115;   1.0; drag-lps8-08; 6; 7; 125000; 2088
2023-09-19 22:01:36; hka-aqm-a111;  25.09;  45.49;   457;  1103;     4;     1;     2;     1;  -116;  -116;  -3.2; drag-outd-01; 7; 7; 125000; 2089
2023-09-19 22:16:42; hka-aqm-a111;  25.05;  45.75;   455;  1295;     4;     0;     2;     0;  -114;  -114;  -0.2; drag-lps8-08; 1; 7; 125000; 2090
2023-09-19 22:31:48; hka-aqm-a111;  24.73;  46.56;   454;  1241;     4;     1;     2;     0;  -114;  -114;   1.8; drag-lps8-08; 4; 7; 125000; 2091
2023-09-19 22:37:38; hka-aqm-a111;  24.88;  46.14;   459;  1070;     6;     2;     2;     0;  -115;  -115; nan; drag-lps8-08; 2; 7; 125000; 2092
2023-09-19 22:42:15; hka-aqm-a111;  24.92;  46.10;   459;  1096;     4;     0;     2;     0;  -114;  -114;  -0.5; drag-lps8-08; 5; 7; 125000; 2093
2023-09-19 22:43:18; hka-aqm-a111;  24.88;  46.39;   458;  1015;     4;     0;     1;     0;  -116;  -116;  -2.5; drag-outd-01; 0; 7; 125000; 2094
2023-09-19 22:47:36; hka-aqm-a111;  24.82;  46.56;   461;  1027;     4;     0;     2;     0;  -115;  -115;   1.2; drag-outd-01; 3; 7; 125000; 2095
2023-09-19 23:02:35; hka-aqm-a111;  24.89;  46.36;   464;  1072;     6;     2;     3;     1;  -114;  -114;   0.2; drag-lps8-08; 6; 7; 125000; 2096
2023-09-19 23:05:17; hka-aqm-a111;  24.92;  46.20;   461;  1071;     6;     2;     2;     0;  -114;  -114;   0.2; drag-outd-01; 4; 7; 125000; 2097
2023-09-19 23:11:16; hka-aqm-a111;  24.92;  46.30;   460;  1104;     4;     1;     2;     0;  -113;  -113;  -0.2; drag-lps8-08; 2; 7; 125000; 2098
2023-09-19 23:26:22; hka-aqm-a111;  24.77;  46.62;   463;  1247;     4;     0;     3;     0;  -115;  -115;  -1.0; drag-outd-01; 1; 7; 125000; 2099
2023-09-19 23:30:16; hka-aqm-a111;  24.78;  46.52;   462;  1026;     4;     0;     3;     0;  -116;  -116;  -3.5; drag-outd-01; 7; 7; 125000; 2100
2023-09-19 23:34:37; hka-aqm-a111;  24.75;  46.65;   462;  1047;     6;     2;     3;     0;  -114;  -114;  -0.5; drag-outd-01; 0; 7; 125000; 2101
2023-09-19 23:37:55; hka-aqm-a111;  24.59;  46.65;   463;   987;     4;     0;     1;     0;  -121;  -121;  -6.8; drag-lps8-02; 5; 7; 125000; 2102
2023-09-19 23:53:01; hka-aqm-a111;  24.42;  46.81;   455;  1069;     4;     1;     2;     0;  -116;  -116;  -1.5; drag-outd-01; 1; 7; 125000; 2103
