# Logfile LoRaWAN TTN/TTS V3 logger version hka-log V 1.1
date_time;device_id;tmp;hum;CO2;VOC;vis;IR;WIFI;BLE;rssi;channel_rssi;snr;gateway;channel_index;spreading_factor;bandwidth;f_cnt
2022-11-23 00:14:17; hka-aqm-a017;  19.28;  39.10;   429;   578;     6;     1;     3;     9;  -120;  -120;  -2.5; drag-outd-01; 0; 7; 125000; 3625
2022-11-23 00:29:24; hka-aqm-a017;  19.24;  39.10;   423;   614;     6;     0;     3;     9;  -122;  -122;  -5.2; drag-outd-01; 1; 7; 125000; 3626
2022-11-23 00:44:30; hka-aqm-a017;  19.22;  39.16;   425;   623;     6;     0;     0;     1;  -125;  -125;  -4.8; drag-outd-01; 7; 7; 125000; 3627
2022-11-23 01:14:45; hka-aqm-a017;  19.15;  39.33;   420;   586;     6;     0;     3;     9;  -119;  -119;  -2.8; drag-outd-01; 6; 7; 125000; 3629
2022-11-23 01:29:51; hka-aqm-a017;  19.13;  39.36;   426;   591;     6;     1;     3;     9;  -114;  -114;   1.5; drag-outd-01; 4; 7; 125000; 3630
2022-11-23 02:00:04; hka-aqm-a017;  19.11;  39.43;   418;   589;     8;     2;     3;     9;  -122;  -122;  -3.2; drag-outd-01; 6; 7; 125000; 3632
2022-11-23 02:15:17; hka-aqm-a017;  19.07;  39.46;   417;   608;     6;     0;     3;     9;  -119;  -119;   0.5; drag-outd-01; 3; 7; 125000; 3634
2022-11-23 02:45:44; hka-aqm-a017;  19.02;  39.56;   417;   579;     6;     1;     3;     9;  -122;  -122;  -3.5; drag-outd-01; 0; 7; 125000; 3636
2022-11-23 03:00:57; hka-aqm-a017;  19.00;  39.56;   414;   559;     6;     0;     3;     9;  -124;  -124;  -4.2; drag-outd-01; 7; 7; 125000; 3637
2022-11-23 03:16:11; hka-aqm-a017;  18.97;  39.62;   416;   594;     6;     0;     0;     2;  -122;  -122;  -4.2; drag-outd-01; 1; 7; 125000; 3638
2022-11-23 03:31:24; hka-aqm-a017;  18.95;  39.62;   414;   600;     6;     0;     3;     9;  -119;  -119;  -0.8; drag-outd-01; 3; 7; 125000; 3639
2022-11-23 03:46:52; hka-aqm-a017;  18.92;  39.66;   422;   580;     6;     0;     3;     9;  -115;  -115; nan; drag-outd-01; 4; 7; 125000; 3641
2022-11-23 04:02:05; hka-aqm-a017;  18.90;  39.62;   414;   600;     6;     0;     3;     9;  -119;  -119;  -1.0; drag-outd-01; 2; 7; 125000; 3642
2022-11-23 04:17:25; hka-aqm-a017;  18.88;  39.59;   412;   592;     6;     0;     3;     9;  -120;  -120;  -2.5; drag-outd-01; 0; 7; 125000; 3643
2022-11-23 04:32:45; hka-aqm-a017;  18.86;  39.59;   408;   588;     8;     2;     3;     9;  -118;  -118;  -1.2; drag-outd-01; 2; 7; 125000; 3644
2022-11-23 04:48:05; hka-aqm-a017;  18.86;  39.62;   410;   579;     8;     2;     3;     9;  -120;  -120;  -2.0; drag-outd-01; 1; 7; 125000; 3646
2022-11-23 05:03:18; hka-aqm-a017;  18.82;  39.62;   412;   621;     6;     0;     3;     9;  -114;  -114;   1.2; drag-outd-01; 4; 7; 125000; 3647
2022-11-23 05:18:32; hka-aqm-a017;  18.82;  39.69;   413;   564;     6;     0;     3;     9;  -117;  -117; nan; drag-outd-01; 3; 7; 125000; 3648
2022-11-23 05:33:45; hka-aqm-a017;  18.78;  39.69;   413;   600;     8;     2;     3;     9;  -126;  -126;  -6.2; drag-outd-01; 0; 7; 125000; 3649
2022-11-23 05:48:58; hka-aqm-a017;  18.76;  39.69;   412;   582;     6;     0;     3;     9;  -113;  -113; nan; drag-outd-01; 1; 7; 125000; 3650
2022-11-23 06:04:18; hka-aqm-a017;  18.75;  39.69;   415;   590;     6;     0;     3;     9;  -120;  -120;  -1.5; drag-outd-01; 5; 7; 125000; 3651
2022-11-23 06:19:31; hka-aqm-a017;  18.72;  39.66;   413;   603;     6;     0;     3;     9;  -118;  -118;  -2.5; drag-outd-01; 1; 7; 125000; 3653
2022-11-23 06:34:37; hka-aqm-a017;  18.70;  39.69;   416;   585;     6;     1;     3;     9;  -117;  -117;  -0.2; drag-outd-01; 5; 7; 125000; 3654
2022-11-23 07:04:49; hka-aqm-a017;  18.68;  39.76;   429;   593;     8;     2;     3;     9;  -118;  -118;   2.0; drag-outd-01; 3; 7; 125000; 3656
2022-11-23 07:19:55; hka-aqm-a017;  18.72;  39.72;   440;   847;     7;     1;     3;     9;  -118;  -118;  -0.8; drag-outd-01; 2; 7; 125000; 3657
2022-11-23 07:35:01; hka-aqm-a017;  18.94;  39.43;   446;   792;     8;     1;     3;     9;  -117;  -117;   1.5; drag-outd-01; 4; 7; 125000; 3658
2022-11-23 07:45:24; hka-aqm-a017;  19.29;  38.64;   452;   754;    68;     9;     3;     9;  -121;  -121;  -2.8; drag-outd-01; 6; 7; 125000; 3659
2022-11-23 08:15:36; hka-aqm-a017;  19.51;  35.92;   562;   653;    73;    11;     1;     3;  -115;  -115;   1.5; drag-outd-01; 4; 7; 125000; 3661
2022-11-23 08:41:32; hka-aqm-a017;  20.83;  35.59;   663;   848;    81;    13;     1;     4;  -122;  -122;  -4.0; drag-outd-01; 2; 7; 125000; 3663
2022-11-23 08:56:38; hka-aqm-a017;  21.29;  35.49;   723;   943;   100;    20;     1;    10;  -124;  -124;  -4.2; drag-outd-01; 3; 7; 125000; 3664
2022-11-23 09:11:45; hka-aqm-a017;  21.71;  34.99;   764;   957;   102;    20;     1;    10;  -115;  -115;   0.5; drag-outd-01; 6; 7; 125000; 3665
2022-11-23 09:26:58; hka-aqm-a017;  21.93;  33.79;   718;   922;   105;    22;     1;    10;  -118;  -118;  -0.2; drag-outd-01; 7; 7; 125000; 3667
2022-11-23 09:42:13; hka-aqm-a017;  22.28;  33.82;   674;   909;   136;    32;     1;    15;  -125;  -125;  -6.0; drag-outd-01; 4; 7; 125000; 3668
2022-11-23 09:57:27; hka-aqm-a017;  22.47;  33.59;   645;   882;   183;    47;     1;    15;  -115;  -115;   2.0; drag-outd-01; 6; 7; 125000; 3669
2022-11-23 10:12:47; hka-aqm-a017;  22.70;  33.49;   653;   896;   209;    54;     1;    15;  -122;  -122;  -3.5; drag-outd-01; 7; 7; 125000; 3670
2022-11-23 10:27:59; hka-aqm-a017;  22.92;  33.62;   718;   948;   133;    31;     1;    15;  -116;  -116;  -2.2; drag-outd-01; 2; 7; 125000; 3671
2022-11-23 10:43:07; hka-aqm-a017;  22.88;  33.19;   699;   939;   125;    29;     2;    15;  -121;  -121;  -3.2; drag-outd-01; 4; 7; 125000; 3672
2022-11-23 10:58:27; hka-aqm-a017;  22.90;  34.12;   758;   966;   139;    34;     2;    15;  -121;  -121;  -3.2; drag-outd-01; 0; 7; 125000; 3673
2022-11-23 11:13:39; hka-aqm-a017;  22.77;  34.26;   763;   967;   145;    37;     2;    15;  -115;  -115;  -0.2; drag-outd-01; 5; 7; 125000; 3675
2022-11-23 11:28:46; hka-aqm-a017;  22.57;  33.45;   688;   892;   163;    42;     2;    15;  -124;  -124;  -4.5; drag-outd-01; 2; 7; 125000; 3676
2022-11-23 11:40:05; hka-aqm-a017;  22.55;  33.39;   614;   759;   368;   108;     2;    17;  -126;  -126;  -5.5; drag-outd-01; 7; 7; 125000; 3677
2022-11-23 11:40:25; hka-aqm-a017;  22.54;  34.06;   618;   779;   226;    62;     0;     5;  -120;  -120;  -2.5; drag-outd-01; 6; 7; 125000; 3678
2022-11-23 11:40:46; hka-aqm-a017;  22.51;  34.79;   633;   795;   497;   146;     0;     3;  -121;  -121;  -2.0; drag-outd-01; 3; 7; 125000; 3679
2022-11-23 11:48:06; hka-aqm-a017;  22.52;  32.99;   646;   785;   698;   205;     0;     4;  -124;  -124;  -4.5; drag-outd-01; 7; 7; 125000; 3681
2022-11-23 12:01:27; hka-aqm-a017;  22.62;  33.76;   641;   833;   734;   217;     2;    11;  -120;  -120;  -1.5; drag-outd-01; 1; 7; 125000; 3682
2022-11-23 12:03:25; hka-aqm-a017;  22.62;  33.86;   654;   855;   669;   198;     2;     7;  -121;  -121;  -1.8; drag-outd-01; 2; 7; 125000; 3683
2022-11-23 12:03:46; hka-aqm-a017;  22.58;  33.92;   656;   850;   770;   226;     0;     5;  -114;  -114;   3.2; drag-outd-01; 4; 7; 125000; 3684
2022-11-23 12:11:25; hka-aqm-a017;  22.66;  33.92;   676;   899;   652;   192;     2;     9;  -118;  -118;   1.2; drag-outd-01; 0; 7; 125000; 3685
2022-11-23 12:11:45; hka-aqm-a017;  22.62;  33.76;   671;   888;   882;   261;     1;     5;  -121;  -121;  -1.8; drag-outd-01; 7; 7; 125000; 3686
2022-11-23 12:13:47; hka-aqm-a017;  22.58;  33.39;   629;   865;   901;   266;     1;     8;  -127;  -127;  -5.8; drag-outd-01; 0; 7; 125000; 3687
2022-11-23 12:14:48; hka-aqm-a017;  22.62;  33.29;   628;   827;  1016;   300;     2;     6;  -118;  -118;   0.5; drag-outd-01; 3; 7; 125000; 3688
2022-11-23 12:31:07; hka-aqm-a017;  22.51;  31.95;   520;   681;  1298;   383;     1;     8;  -111;  -111;   5.8; drag-outd-01; 6; 7; 125000; 3690
2022-11-23 12:46:19; hka-aqm-a017;  22.64;  31.78;   507;   674;  1002;   297;     1;     7;  -120;  -120;  -1.8; drag-outd-01; 2; 7; 125000; 3692
2022-11-23 13:01:33; hka-aqm-a017;  22.73;  31.98;   501;   703;   681;   201;     2;     7;  -118;  -118;  -0.8; drag-outd-01; 7; 7; 125000; 3693
2022-11-23 13:13:26; hka-aqm-a017;  22.72;  32.42;   500;   689;   348;   117;     2;     7;  -112;  -112;   4.0; drag-outd-01; 4; 7; 125000; 3694
2022-11-23 13:15:46; hka-aqm-a017;  22.68;  32.35;   506;   708;   413;   124;     2;     6;  -114;  -114;  -0.5; drag-outd-01; 2; 7; 125000; 3695
2022-11-23 13:30:59; hka-aqm-a017;  21.91;  30.90;   438;   520;   410;   122;     2;    12;  -119;  -119;  -0.8; drag-outd-01; 3; 7; 125000; 3696
2022-11-23 13:36:47; hka-aqm-a017;  22.16;  31.10;   462;   515;   322;    95;     2;    16;  -113;  -113;   1.8; drag-outd-01; 4; 7; 125000; 3697
2022-11-23 13:37:26; hka-aqm-a017;  22.17;  30.90;   466;   528;   467;   139;     1;     5;  -111;  -111;   4.8; drag-outd-01; 6; 7; 125000; 3699
2022-11-23 13:46:47; hka-aqm-a017;  22.42;  31.41;   514;   636;   444;   133;     2;     7;  -117;  -117;   0.2; drag-outd-01; 3; 7; 125000; 3701
2022-11-23 13:48:08; hka-aqm-a017;  22.45;  31.47;   526;   685;   573;   171;     1;     8;  -110;  -110;  -1.5; drag-outd-01; 5; 7; 125000; 3703
2022-11-23 14:03:28; hka-aqm-a017;  22.55;  31.84;   572;   723;   524;   156;     1;     9;  -110;  -110;   5.5; drag-outd-01; 6; 7; 125000; 3704
2022-11-23 14:06:48; hka-aqm-a017;  22.54;  32.18;   579;   781;   437;   144;     1;     9;  -120;  -120;  -2.2; drag-outd-01; 0; 7; 125000; 3705
2022-11-23 14:22:08; hka-aqm-a017;  22.50;  32.25;   576;   778;   235;    83;     1;     5;  -114;  -114;   1.8; drag-outd-01; 7; 7; 125000; 3706
2022-11-23 14:37:21; hka-aqm-a017;  22.33;  32.45;   570;   804;   190;    71;     1;     6;  -109;  -109;   0.8; drag-outd-01; 5; 7; 125000; 3708
2022-11-23 14:52:34; hka-aqm-a017;  22.26;  32.65;   546;   792;   182;    67;     1;     6;  -115;  -115;   1.2; drag-outd-01; 2; 7; 125000; 3709
2022-11-23 15:07:48; hka-aqm-a017;  22.18;  32.92;   552;   821;   150;    55;     1;     6;  -126;  -126;  -5.5; drag-outd-01; 1; 7; 125000; 3710
2022-11-23 15:23:08; hka-aqm-a017;  22.10;  33.02;   544;   820;    33;     9;     1;     6;  -116;  -116;   0.2; drag-outd-01; 7; 7; 125000; 3711
2022-11-23 15:38:14; hka-aqm-a017;  22.01;  33.09;   538;   828;    26;     8;     1;     7;  -112;  -112;   3.8; drag-outd-01; 6; 7; 125000; 3712
2022-11-23 15:53:27; hka-aqm-a017;  21.89;  33.25;   526;   807;    20;     6;     1;     7;  -109;  -109;   3.5; drag-outd-01; 5; 7; 125000; 3713
2022-11-23 16:08:49; hka-aqm-a017;  21.80;  33.39;   531;   819;    15;     4;     1;     7;  -114;  -114;   5.5; drag-outd-01; 3; 7; 125000; 3715
2022-11-23 16:23:55; hka-aqm-a017;  21.74;  33.32;   517;   808;    11;     2;     2;     7;  -117;  -117; nan; drag-outd-01; 7; 7; 125000; 3716
2022-11-23 16:34:26; hka-aqm-a017;  21.63;  33.59;   520;   837;    88;    12;     2;     7;  -115;  -115;   1.8; drag-outd-01; 1; 7; 125000; 3718
2022-11-23 16:49:32; hka-aqm-a017;  21.60;  33.72;   538;   864;    85;    10;     3;     3;  -121;  -121;  -2.8; drag-outd-01; 2; 7; 125000; 3719
2022-11-23 16:57:07; hka-aqm-a017;  21.64;  34.49;   605;   987;     6;     6;     3;     5;  -112;  -112;   3.2; drag-outd-01; 6; 7; 125000; 3720
2022-11-23 17:12:14; hka-aqm-a017;  21.74;  34.12;   610;  1009;     6;     0;     2;     4;  -109;  -109;   3.0; drag-outd-01; 5; 7; 125000; 3721
2022-11-23 17:27:20; hka-aqm-a017;  21.68;  34.09;   598;  1020;     6;     0;     2;     8;  -113;  -113;   4.8; drag-outd-01; 4; 7; 125000; 3722
2022-11-23 17:42:26; hka-aqm-a017;  21.67;  34.19;   578;   915;     6;     0;     0;     6;  -123;  -123;  -3.0; drag-outd-01; 0; 7; 125000; 3723
2022-11-23 17:57:32; hka-aqm-a017;  21.59;  34.36;   567;   987;     6;     0;     2;     8;  -110;  -110;   2.8; drag-outd-01; 5; 7; 125000; 3724
2022-11-23 18:12:38; hka-aqm-a017;  21.54;  34.49;   560;   930;     6;     1;     2;     8;  -114;  -114;   2.5; drag-outd-01; 3; 7; 125000; 3725
2022-11-23 18:27:44; hka-aqm-a017;  21.47;  34.66;   546;   898;     6;     0;     1;     1;  -118;  -118;  -0.8; drag-outd-01; 6; 7; 125000; 3726
2022-11-23 18:42:50; hka-aqm-a017;  21.46;  34.72;   532;   924;     8;     2;     2;     8;  -115;  -115; nan; drag-outd-01; 2; 7; 125000; 3727
2022-11-23 18:57:56; hka-aqm-a017;  21.45;  34.99;   521;   845;     6;     0;     2;     8;  -118;  -118;   0.8; drag-outd-01; 0; 7; 125000; 3728
2022-11-23 19:13:02; hka-aqm-a017;  21.40;  35.12;   516;   855;     6;     0;     2;     8;  -113;  -113;   4.0; drag-outd-01; 1; 7; 125000; 3729
2022-11-23 19:28:10; hka-aqm-a017;  21.38;  35.16;   515;   819;     7;     1;     2;     8;  -114;  -114;   1.5; drag-outd-01; 4; 7; 125000; 3730
2022-11-23 19:43:16; hka-aqm-a017;  21.36;  35.32;   497;   795;     6;     0;     2;     8;  -118;  -118;  -0.5; drag-outd-01; 7; 7; 125000; 3731
2022-11-23 19:58:22; hka-aqm-a017;  21.30;  35.62;   489;   823;     6;     0;     2;     8;  -115;  -115;   0.8; drag-outd-01; 6; 7; 125000; 3732
2022-11-23 20:13:28; hka-aqm-a017;  21.26;  35.72;   482;   810;     6;     0;     2;     8;  -116;  -116;  -1.2; drag-outd-01; 5; 7; 125000; 3733
2022-11-23 20:28:34; hka-aqm-a017;  21.24;  35.82;   482;   767;     6;     0;     2;     8;  -126;  -126;  -6.2; drag-outd-01; 0; 7; 125000; 3734
2022-11-23 20:43:40; hka-aqm-a017;  21.24;  36.06;   478;   804;     6;     0;     2;     8;  -115;  -115;   0.8; drag-outd-01; 2; 7; 125000; 3735
2022-11-23 20:58:47; hka-aqm-a017;  21.28;  36.12;   481;   759;     6;     1;     0;     1;  -115;  -115;   2.0; drag-outd-01; 1; 7; 125000; 3736
2022-11-23 21:13:53; hka-aqm-a017;  21.26;  36.29;   465;   769;     6;     0;     2;     8;  -113;  -113;   2.8; drag-outd-01; 4; 7; 125000; 3737
2022-11-23 21:28:59; hka-aqm-a017;  21.30;  36.32;   459;   806;     6;     0;     2;     8;  -122;  -122;  -3.2; drag-outd-01; 7; 7; 125000; 3738
2022-11-23 21:44:05; hka-aqm-a017;  21.31;  36.39;   454;   747;     6;     0;     1;     6;  -117;  -117;   2.8; drag-outd-01; 3; 7; 125000; 3739
2022-11-23 21:59:11; hka-aqm-a017;  21.30;  36.45;   457;   717;     8;     2;     2;     8;  -115;  -115;   0.8; drag-outd-01; 6; 7; 125000; 3740
2022-11-23 22:14:17; hka-aqm-a017;  21.24;  36.59;   451;   735;     6;     0;     2;     8;  -115;  -115;   1.8; drag-outd-01; 2; 7; 125000; 3741
2022-11-23 22:29:23; hka-aqm-a017;  21.21;  36.72;   448;   728;     6;     0;     2;     8;  -115;  -115;   0.5; drag-outd-01; 1; 7; 125000; 3742
2022-11-23 22:44:30; hka-aqm-a017;  21.16;  36.98;   444;   712;     6;     0;     2;     8;  -116;  -116;  -5.5; drag-outd-01; 5; 7; 125000; 3743
2022-11-23 22:59:36; hka-aqm-a017;  21.10;  37.12;   449;   762;     6;     1;     2;     8;  -118;  -118;  -0.5; drag-outd-01; 7; 7; 125000; 3744
2022-11-23 23:14:43; hka-aqm-a017;  20.96;  37.12;   438;   717;     6;     0;     2;     8;  -117;  -117;  -1.0; drag-outd-01; 0; 7; 125000; 3745
2022-11-23 23:44:56; hka-aqm-a017;  20.70;  37.78;   445;   682;     6;     0;     2;     8;  -112;  -112;   3.8; drag-outd-01; 4; 7; 125000; 3747
