# Logfile LoRaWAN TTN/TTS V3 logger version hka-log V 1.1
date_time;device_id;tmp;hum;CO2;VOC;vis;IR;WIFI;BLE;rssi;channel_rssi;snr;gateway;channel_index;spreading_factor;bandwidth;f_cnt
2023-09-22 00:12:07; hka-aqm-a112;  24.58;  54.47;   448;  1510;    10;     3;     1;     0;  -128;  -128; -12.8; drag-lps8-02; 7; 11; 125000; 43215
2023-09-22 00:27:14; hka-aqm-a112;  24.59;  54.44;   453;  1564;     7;     1;     1;     0;  -111;  -111;   2.8; drag-outd-01; 2; 11; 125000; 43216
2023-09-22 00:42:21; hka-aqm-a112;  24.53;  54.54;   446;  1473;     7;     0;     1;     0;  -126;  -126; -11.8; drag-lps8-02; 4; 11; 125000; 43217
2023-09-22 00:57:28; hka-aqm-a112;  24.51;  54.57;   444;  1479;    10;     3;     1;     0;  -115;  -115;   2.5; drag-outd-01; 3; 11; 125000; 43218
2023-09-22 01:12:35; hka-aqm-a112;  24.49;  54.47;   449;  1482;     7;     0;     1;     0;  -111;  -111;  -3.0; drag-outd-01; 5; 11; 125000; 43219
2023-09-22 01:27:42; hka-aqm-a112;  24.48;  54.47;   444;  1355;     7;     1;     0;     0;  -113;  -113;   3.2; drag-outd-01; 0; 11; 125000; 43220
2023-09-22 01:42:49; hka-aqm-a112;  24.38;  54.60;   450;  1440;     7;     0;     1;     0;  -124;  -124; -10.5; drag-lps8-02; 2; 11; 125000; 43221
2023-09-22 01:57:56; hka-aqm-a112;  24.40;  54.47;   446;  1399;    10;     3;     1;     0;  -121;  -121;  -7.0; drag-lps8-02; 4; 11; 125000; 43222
2023-09-22 02:13:06; hka-aqm-a112;  24.40;  54.41;   441;  1431;    10;     3;     1;     0;  -124;  -124; -10.2; drag-lps8-02; 7; 11; 125000; 43223
2023-09-22 02:28:13; hka-aqm-a112;  24.40;  54.41;   444;  1523;    10;     3;     1;     0;  -124;  -124; -16.2; drag-lps8-02; 3; 11; 125000; 43224
2023-09-22 02:43:20; hka-aqm-a112;  24.36;  54.29;   444;  1440;     7;     1;     0;     0;  -113;  -113;   1.5; drag-outd-01; 0; 11; 125000; 43225
2023-09-22 02:58:27; hka-aqm-a112;  24.34;  54.25;   452;  1467;     9;     3;     1;     0;  -122;  -122;  -2.0; drag-lps8-08; 6; 11; 125000; 43226
2023-09-22 03:13:35; hka-aqm-a112;  24.35;  54.22;   444;  1440;     7;     0;     1;     0;  -114;  -114;   0.2; drag-lps8-08; 1; 11; 125000; 43227
2023-09-22 03:28:42; hka-aqm-a112;  24.32;  54.16;   444;  1396;     7;     2;     0;     0;  -122;  -122;  -3.2; drag-lps8-08; 5; 11; 125000; 43228
2023-09-22 03:43:49; hka-aqm-a112;  24.30;  54.10;   450;  1413;     7;     1;     1;     0;  -114;  -114;   2.0; drag-outd-01; 3; 11; 125000; 43229
2023-09-22 03:58:56; hka-aqm-a112;  24.26;  54.10;   440;  1419;     7;     0;     1;     0;  -115;  -115;  -2.0; drag-outd-01; 5; 11; 125000; 43230
2023-09-22 04:14:03; hka-aqm-a112;  24.25;  53.97;   439;  1400;     7;     2;     0;     0;  -113;  -113;   1.2; drag-outd-01; 0; 11; 125000; 43231
2023-09-22 04:29:11; hka-aqm-a112;  24.24;  53.88;   449;  1377;    10;     3;     1;     0;  -117;  -117;   3.5; drag-outd-01; 4; 11; 125000; 43232
2023-09-22 04:44:18; hka-aqm-a112;  24.22;  53.78;   438;  1373;     7;     0;     0;     0;  -123;  -123;  -9.2; drag-lps8-02; 7; 11; 125000; 43233
2023-09-22 04:59:25; hka-aqm-a112;  24.16;  53.78;   435;  1398;    10;     3;     1;     0;  -120;  -120;  -0.5; drag-lps8-08; 1; 11; 125000; 43234
2023-09-22 05:14:32; hka-aqm-a112;  24.18;  53.66;   435;  1372;     7;     0;     1;     0;  -112;  -112;   0.8; drag-outd-01; 2; 11; 125000; 43235
2023-09-22 05:29:40; hka-aqm-a112;  24.14;  53.69;   436;  1354;     7;     1;     1;     0;  -120;  -120; -10.8; drag-lps8-02; 6; 11; 125000; 43236
2023-09-22 05:44:47; hka-aqm-a112;  24.15;  53.59;   434;  1351;    10;     3;     1;     0;  -112;  -112;   2.8; drag-outd-01; 1; 11; 125000; 43237
2023-09-22 05:59:54; hka-aqm-a112;  24.12;  53.53;   436;  1343;     7;     1;     1;     0;  -122;  -122;  -2.5; drag-lps8-08; 6; 11; 125000; 43238
2023-09-22 06:15:01; hka-aqm-a112;  24.11;  53.44;   430;  1375;     7;     1;     1;     0;  -124;  -124; -15.5; drag-lps8-02; 3; 11; 125000; 43239
2023-09-22 06:25:24; hka-aqm-a112;  24.05;  53.66;   436;  1356;   122;    13;     1;     0;  -112;  -112;  -4.5; drag-outd-01; 5; 11; 125000; 43240
2023-09-22 06:40:32; hka-aqm-a112;  24.14;  53.97;   441;  1363;   118;    13;     1;     0;  -119;  -119;  -1.0; drag-lps8-08; 7; 11; 125000; 43241
2023-09-22 06:44:23; hka-aqm-a112;  24.16;  53.69;   445;  1407;     7;     1;     1;     0;  -118;  -118;  -2.5; drag-lps8-08; 4; 11; 125000; 43242
2023-09-22 06:59:31; hka-aqm-a112;  24.12;  53.66;   441;  1318;     8;     1;     1;     0;  -118;  -118;   0.2; drag-lps8-08; 0; 11; 125000; 43243
2023-09-22 07:14:38; hka-aqm-a112;  24.08;  53.53;   441;  1381;    12;     4;     1;     0;  -112;  -112;   2.5; drag-outd-01; 2; 11; 125000; 43244
2023-09-22 07:29:45; hka-aqm-a112;  24.10;  53.28;   462;  1226;    22;     9;     1;     1;  -111;  -111;  -2.2; drag-outd-01; 5; 11; 125000; 43245
2023-09-22 07:44:52; hka-aqm-a112;  24.06;  53.15;   465;  1318;    20;     7;     1;     1;  -133;  -133; -18.0; drag-lps8-02; 4; 11; 125000; 43246
2023-09-22 07:59:59; hka-aqm-a112;  24.01;  53.15;   456;  1302;    41;    18;     0;     1;  -114;  -114;   2.0; drag-lps8-08; 1; 11; 125000; 43247
2023-09-22 08:15:06; hka-aqm-a112;  23.97;  53.06;   454;  1304;    28;    10;     2;     1;  -122;  -122;  -8.8; drag-lps8-02; 0; 11; 125000; 43248
2023-09-22 08:30:13; hka-aqm-a112;  23.98;  52.90;   455;  1262;    40;    17;     2;     1;  -113;  -113;   4.0; drag-outd-01; 3; 11; 125000; 43249
2023-09-22 08:45:20; hka-aqm-a112;  24.01;  52.77;   451;  1258;    46;    19;     0;     0;  -124;  -124; -12.5; drag-lps8-02; 6; 11; 125000; 43250
2023-09-22 09:00:27; hka-aqm-a112;  23.98;  52.74;   456;  1256;    40;    16;     2;     2;  -120;  -120;  -8.0; drag-lps8-02; 2; 11; 125000; 43251
2023-09-22 09:15:34; hka-aqm-a112;  23.98;  52.68;   447;  1242;    60;    25;     2;     2;  -119;  -119;   1.2; drag-lps8-08; 7; 11; 125000; 43252
2023-09-22 09:18:23; hka-aqm-a112;  23.97;  52.68;   451;  1271;   179;    40;     2;     6;  -120;  -120;  -8.5; drag-lps8-02; 2; 11; 125000; 43253
2023-09-22 09:24:04; hka-aqm-a112;  23.81;  52.80;   443;  1125;    92;    40;     1;     0;  -116;  -116;  -2.2; drag-lps8-08; 5; 11; 125000; 43254
2023-09-22 09:39:11; hka-aqm-a112;  23.63;  53.09;   436;  1011;    92;    39;     1;     0;  -120;  -120;  -2.0; drag-lps8-08; 3; 11; 125000; 43255
2023-09-22 09:40:45; hka-aqm-a112;  23.63;  53.18;   436;  1008;   197;    47;     1;     0;  -117;  -117;   0.2; drag-lps8-08; 7; 11; 125000; 43256
2023-09-22 09:45:26; hka-aqm-a112;  23.57;  53.28;   436;  1078;   108;    47;     1;     0;  -129;  -129; -13.8; drag-lps8-02; 4; 11; 125000; 43257
2023-09-22 09:52:25; hka-aqm-a112;  23.60;  53.15;   433;   990;   208;    55;     1;     2;  -117;  -117;   0.5; drag-lps8-08; 0; 11; 125000; 43258
2023-09-22 10:07:32; hka-aqm-a112;  23.70;  52.96;   442;  1022;   256;    76;     1;     2;  -125;  -125; -16.2; drag-lps8-02; 6; 11; 125000; 43259
2023-09-22 10:15:45; hka-aqm-a112;  23.56;  53.21;   442;  1042;   124;    54;     1;     2;  -115;  -115;   2.0; drag-lps8-08; 1; 11; 125000; 43260
2023-09-22 10:17:15; hka-aqm-a112;  23.56;  53.25;   440;  1018;   248;    74;     0;     2;  -113;  -113;   2.2; drag-outd-01; 7; 11; 125000; 43261
2023-09-22 10:32:22; hka-aqm-a112;  23.56;  52.93;   432;   978;   277;    86;     0;     4;  -119;  -119;   1.2; drag-lps8-08; 0; 11; 125000; 43262
2023-09-22 10:33:53; hka-aqm-a112;  23.57;  52.96;   432;   977;   168;    74;     1;     3;  -128;  -128; -13.8; drag-lps8-02; 4; 11; 125000; 43263
2023-09-22 10:36:43; hka-aqm-a112;  23.61;  52.90;   440;  1014;   265;    80;     1;     3;  -119;  -119;  -1.8; drag-lps8-08; 5; 11; 125000; 43264
2023-09-22 10:51:50; hka-aqm-a112;  23.72;  52.58;   436;  1026;   227;    62;     1;     4;  -113;  -113;   0.2; drag-lps8-08; 2; 11; 125000; 43265
2023-09-22 11:01:05; hka-aqm-a112;  23.76;  52.49;   440;  1067;   121;    51;     1;     4;  -119;  -119; nan; drag-lps8-08; 1; 11; 125000; 43266
2023-09-22 11:06:24; hka-aqm-a112;  23.74;  52.52;   438;  1035;   231;    62;     1;     4;  -120;  -120;  -2.5; drag-lps8-08; 6; 11; 125000; 43267
2023-09-22 11:19:24; hka-aqm-a112;  23.94;  52.17;   442;  1079;   319;   153;     1;     5;  -121;  -121;  -0.8; drag-lps8-08; 3; 11; 125000; 43268
2023-09-22 11:20:55; hka-aqm-a112;  23.92;  52.20;   442;  1076;   212;    96;     1;     5;  -126;  -126; -17.5; drag-lps8-02; 6; 11; 125000; 43269
2023-09-22 11:22:45; hka-aqm-a112;  23.88;  52.33;   442;  1102;   247;    69;     1;     6;  -117;  -117;   2.2; drag-outd-01; 1; 11; 125000; 43270
2023-09-22 11:25:24; hka-aqm-a112;  23.88;  52.68;   443;  1055;   399;   148;     1;     8;  -120;  -120;  -8.5; drag-lps8-02; 2; 11; 125000; 43271
2023-09-22 11:26:55; hka-aqm-a112;  23.84;  52.71;   443;  1120;   702;   309;     1;     6;  -115;  -115;  -1.0; drag-outd-01; 5; 11; 125000; 43272
2023-09-22 11:28:26; hka-aqm-a112;  23.84;  52.68;   441;   970;   328;   111;     0;     3;  -114;  -114;   2.2; drag-outd-01; 3; 11; 125000; 43273
2023-09-22 11:31:06; hka-aqm-a112;  23.81;  52.62;   444;  1059;   412;   155;     1;     3;  -117;  -117;   1.8; drag-lps8-08; 0; 11; 125000; 43274
2023-09-22 11:32:36; hka-aqm-a112;  23.76;  52.58;   444;  1054;   683;   302;     0;     3;  -116;  -116;  -2.0; drag-lps8-08; 4; 11; 125000; 43275
2023-09-22 11:35:44; hka-aqm-a112;  23.88;  52.52;   445;  1056;   760;   343;     1;     2;  -124;  -124;  -9.5; drag-lps8-02; 7; 11; 125000; 43276
2023-09-22 11:40:44; hka-aqm-a112;  24.04;  52.24;   443;  1061;   680;   348;     1;     2;  -112;  -112;   1.5; drag-outd-01; 2; 11; 125000; 43277
2023-09-22 11:42:15; hka-aqm-a112;  24.03;  52.24;   442;  1064;   798;   365;     0;     2;  -119;  -119;   1.0; drag-outd-01; 3; 11; 125000; 43278
2023-09-22 11:43:45; hka-aqm-a112;  24.03;  52.20;   441;  1073;   390;   143;     1;     2;  -116;  -116;  -0.8; drag-lps8-08; 4; 11; 125000; 43279
2023-09-22 11:45:26; hka-aqm-a112;  24.00;  52.33;   445;  1153;   833;   383;     1;     3;  -115;  -115;   1.0; drag-outd-01; 1; 11; 125000; 43280
2023-09-22 11:48:44; hka-aqm-a112;  23.97;  52.55;   439;  1080;   864;   399;     1;     3;  -115;  -115;   0.2; drag-lps8-08; 7; 11; 125000; 43281
2023-09-22 11:50:15; hka-aqm-a112;  24.01;  52.49;   438;  1110;   386;   140;     1;     2;  -118;  -118;  -1.5; drag-lps8-08; 6; 11; 125000; 43282
2023-09-22 11:51:45; hka-aqm-a112;  23.95;  52.77;   439;  1055;   798;   410;     1;     2;  -111;  -111;   1.2; drag-outd-01; 0; 11; 125000; 43283
2023-09-22 11:53:16; hka-aqm-a112;  23.90;  52.84;   443;  1053;   860;   395;     0;     2;  -120;  -120;  -7.5; drag-lps8-08; 5; 11; 125000; 43284
2023-09-22 11:54:46; hka-aqm-a112;  23.97;  52.87;   445;  1057;   366;   127;     1;     2;  -113;  -113;   2.0; drag-outd-01; 4; 11; 125000; 43285
2023-09-22 11:56:17; hka-aqm-a112;  23.98;  52.93;   441;  1052;   430;   160;     1;     2;  -124;  -124;  -8.8; drag-lps8-02; 0; 11; 125000; 43286
2023-09-22 11:57:47; hka-aqm-a112;  23.95;  52.84;   443;  1035;   809;   367;     0;     3;  -124;  -124; -12.8; drag-lps8-02; 1; 11; 125000; 43287
2023-09-22 12:01:24; hka-aqm-a112;  24.03;  52.96;   442;  1046;   778;   353;     1;     5;  -123;  -123;  -2.8; drag-lps8-08; 3; 11; 125000; 43288
2023-09-22 12:03:04; hka-aqm-a112;  24.02;  52.96;   443;  1025;   542;   224;     1;     3;  -126;  -126; -14.8; drag-lps8-02; 6; 11; 125000; 43289
2023-09-22 12:04:35; hka-aqm-a112;  23.94;  53.15;   449;  1024;   673;   295;     1;     3;  -116;  -116;  -3.5; drag-outd-01; 5; 11; 125000; 43290
2023-09-22 12:06:05; hka-aqm-a112;  23.94;  53.18;   445;  1022;   885;   411;     1;     3;  -115;  -115;  -2.8; drag-outd-01; 7; 11; 125000; 43291
2023-09-22 12:08:26; hka-aqm-a112;  24.05;  52.96;   449;  1036;   781;   353;     1;     6;  -120;  -120;  -7.8; drag-lps8-02; 2; 11; 125000; 43292
2023-09-22 12:09:56; hka-aqm-a112;  24.01;  52.99;   447;  1042;   687;   302;     0;     6;  -125;  -125;  -8.0; drag-lps8-02; 5; 11; 125000; 43293
2023-09-22 12:11:27; hka-aqm-a112;  24.00;  53.06;   444;  1069;   534;   222;     0;     2;  -116;  -116;  -1.2; drag-outd-01; 2; 11; 125000; 43294
2023-09-22 12:12:57; hka-aqm-a112;  24.08;  53.12;   443;  1037;   368;   135;     1;     2;  -114;  -114;   1.8; drag-outd-01; 3; 11; 125000; 43295
2023-09-22 12:14:28; hka-aqm-a112;  23.96;  53.15;   442;  1016;   409;   158;     2;     4;  -130;  -130; -15.0; drag-lps8-02; 4; 11; 125000; 43296
2023-09-22 12:15:58; hka-aqm-a112;  24.07;  53.09;   440;  1018;   594;   259;     1;     2;  -123;  -123; -12.0; drag-lps8-02; 6; 11; 125000; 43297
2023-09-22 12:20:05; hka-aqm-a112;  24.00;  53.28;   439;   952;   958;   446;     2;     4;  -120;  -120;   1.2; drag-lps8-08; 0; 11; 125000; 43298
2023-09-22 12:21:35; hka-aqm-a112;  24.02;  53.15;   441;   965;  1013;   478;     0;     2;  -113;  -113;  -1.0; drag-outd-01; 7; 11; 125000; 43299
2023-09-22 12:27:05; hka-aqm-a112;  24.00;  52.96;   435;   949;   792;   358;     1;     7;  -120;  -120;  -9.2; drag-lps8-02; 1; 11; 125000; 43300
2023-09-22 12:28:35; hka-aqm-a112;  23.98;  52.84;   439;   948;   712;   313;     0;     6;  -124;  -124;  -9.5; drag-lps8-02; 7; 11; 125000; 43301
2023-09-22 12:30:06; hka-aqm-a112;  23.92;  53.18;   435;   932;   777;   349;     0;     4;  -120;  -120;  -1.8; drag-lps8-08; 4; 11; 125000; 43302
2023-09-22 12:31:36; hka-aqm-a112;  23.99;  53.09;   436;   897;   824;   374;     1;     6;  -114;  -114;  -1.2; drag-outd-01; 2; 11; 125000; 43303
2023-09-22 12:33:07; hka-aqm-a112;  24.01;  53.18;   444;   915;   653;   281;     1;     4;  -123;  -123; -11.2; drag-lps8-02; 1; 11; 125000; 43304
2023-09-22 12:34:37; hka-aqm-a112;  24.01;  53.21;   443;   885;   881;   400;     0;     3;  -117;  -117;  -3.2; drag-outd-01; 0; 11; 125000; 43305
2023-09-22 12:39:46; hka-aqm-a112;  24.07;  52.93;   436;   895;   398;   141;     1;     2;  -116;  -116;  -0.5; drag-lps8-08; 5; 11; 125000; 43306
2023-09-22 12:41:16; hka-aqm-a112;  24.06;  52.84;   436;   957;   583;   242;     0;     2;  -114;  -114;   1.8; drag-outd-01; 3; 11; 125000; 43307
2023-09-22 12:43:25; hka-aqm-a112;  24.10;  52.62;   439;   931;   911;   417;     1;     3;  -125;  -125; -15.8; drag-lps8-02; 6; 11; 125000; 43308
2023-09-22 12:47:25; hka-aqm-a112;  24.15;  52.39;   447;   903;   869;   395;     1;     3;  -122;  -122; -10.5; drag-lps8-02; 1; 11; 125000; 43309
2023-09-22 12:48:56; hka-aqm-a112;  24.16;  52.33;   445;   894;   930;   431;     0;     3;  -129;  -129; -16.8; drag-lps8-02; 4; 11; 125000; 43310
2023-09-22 12:50:26; hka-aqm-a112;  24.11;  52.33;   442;   881;   803;   360;     1;     4;  -126;  -126; -11.0; drag-lps8-02; 7; 11; 125000; 43311
2023-09-22 12:51:57; hka-aqm-a112;  24.14;  52.05;   447;   855;   650;   280;     2;     3;  -116;  -116;  -8.5; drag-outd-01; 5; 11; 125000; 43312
2023-09-22 12:53:27; hka-aqm-a112;  24.13;  51.89;   447;   869;   757;   339;     0;     3;  -112;  -112;  -3.5; drag-outd-01; 6; 11; 125000; 43313
2023-09-22 12:54:58; hka-aqm-a112;  24.12;  51.70;   449;   856;   756;   337;     1;     3;  -122;  -122;  -9.2; drag-lps8-02; 2; 11; 125000; 43314
2023-09-22 12:56:28; hka-aqm-a112;  24.14;  51.92;   448;   873;   590;   250;     1;     3;  -118;  -118;  -0.5; drag-lps8-08; 3; 11; 125000; 43315
2023-09-22 12:57:59; hka-aqm-a112;  24.11;  51.76;   446;   840;   759;   338;     0;     2;  -115;  -115;   0.2; drag-outd-01; 0; 11; 125000; 43316
2023-09-22 12:59:29; hka-aqm-a112;  24.17;  51.73;   446;   868;   828;   374;     0;     2;  -126;  -126; -11.0; drag-lps8-02; 4; 11; 125000; 43317
2023-09-22 13:01:00; hka-aqm-a112;  24.17;  51.63;   449;   894;   526;   209;     2;     2;  -128;  -128; -11.5; drag-lps8-02; 0; 11; 125000; 43318
2023-09-22 13:02:30; hka-aqm-a112;  24.12;  51.54;   449;   917;   584;   243;     1;     2;  -111;  -111;   0.8; drag-outd-01; 7; 11; 125000; 43319
2023-09-22 13:04:01; hka-aqm-a112;  24.13;  51.32;   447;   933;   751;   332;     0;     2;  -123;  -123; -11.8; drag-lps8-02; 1; 11; 125000; 43320
2023-09-22 13:05:31; hka-aqm-a112;  24.13;  51.38;   451;   904;   826;   375;     1;     2;  -112;  -112;  -4.5; drag-outd-01; 6; 11; 125000; 43321
2023-09-22 13:07:02; hka-aqm-a112;  24.13;  50.94;   447;   914;   973;   455;     1;     2;  -117;  -117; nan; drag-lps8-08; 5; 11; 125000; 43322
2023-09-22 13:08:32; hka-aqm-a112;  24.07;  51.10;   446;   868;   901;   413;     1;     2;  -107;  -107;   1.0; drag-outd-01; 2; 11; 125000; 43323
2023-09-22 13:10:05; hka-aqm-a112;  24.14;  51.10;   457;   864;   451;   169;     1;     3;  -122;  -122;  -2.5; drag-lps8-08; 3; 11; 125000; 43324
2023-09-22 13:11:36; hka-aqm-a112;  24.13;  50.65;   446;   851;   392;   139;     0;     1;  -117;  -117;  -2.2; drag-lps8-08; 5; 11; 125000; 43325
2023-09-22 13:13:06; hka-aqm-a112;  24.22;  50.08;   444;   819;   469;   180;     1;     3;  -115;  -115;   2.8; drag-outd-01; 4; 11; 125000; 43326
2023-09-22 13:14:44; hka-aqm-a112;  24.18;  50.21;   443;   805;   447;   169;     1;     2;  -111;  -111;  -1.8; drag-outd-01; 6; 11; 125000; 43327
2023-09-22 13:16:15; hka-aqm-a112;  24.15;  50.27;   442;   825;   849;   386;     0;     2;  -124;  -124;  -9.2; drag-lps8-02; 0; 11; 125000; 43328
2023-09-22 13:17:45; hka-aqm-a112;  24.10;  50.08;   442;   794;   830;   382;     2;     4;  -122;  -122; -11.5; drag-lps8-02; 1; 11; 125000; 43329
2023-09-22 13:19:16; hka-aqm-a112;  24.13;  50.11;   445;   828;   669;   295;     1;     5;  -114;  -114;   0.2; drag-outd-01; 2; 11; 125000; 43330
2023-09-22 13:20:46; hka-aqm-a112;  24.16;  49.98;   447;   760;   939;   444;     1;     5;  -115;  -115;  -2.8; drag-outd-01; 7; 11; 125000; 43331
2023-09-22 13:22:17; hka-aqm-a112;  24.23;  50.21;   446;   773;   510;   211;     0;     6;  -117;  -117;   4.2; drag-outd-01; 3; 11; 125000; 43332
2023-09-22 13:23:47; hka-aqm-a112;  24.15;  49.82;   445;   757;   773;   356;     1;     5;  -122;  -122;  -9.8; drag-lps8-02; 2; 11; 125000; 43333
2023-09-22 13:25:18; hka-aqm-a112;  24.20;  49.47;   445;   754;   407;   157;     0;     3;  -122;  -122; -13.8; drag-lps8-02; 3; 11; 125000; 43334
2023-09-22 13:26:48; hka-aqm-a112;  24.19;  49.25;   441;   777;   560;   239;     1;     1;  -122;  -122; -10.2; drag-lps8-02; 1; 11; 125000; 43335
2023-09-22 13:28:19; hka-aqm-a112;  24.18;  49.15;   440;   800;   366;   135;     1;     3;  -112;  -112;  -3.0; drag-outd-01; 6; 11; 125000; 43336
2023-09-22 13:29:49; hka-aqm-a112;  24.16;  49.22;   439;   781;   430;   171;     1;     2;  -114;  -114;  -2.8; drag-outd-01; 7; 11; 125000; 43337
2023-09-22 13:31:20; hka-aqm-a112;  24.14;  49.03;   446;   785;   311;   108;     1;     2;  -114;  -114;   1.0; drag-outd-01; 4; 11; 125000; 43338
2023-09-22 13:46:27; hka-aqm-a112;  24.02;  47.62;   439;   798;   325;   113;     1;     3;  -123;  -123;  -8.0; drag-lps8-02; 0; 11; 125000; 43339
2023-09-22 14:01:34; hka-aqm-a112;  23.93;  48.64;   430;   831;   211;    55;     1;     6;  -121;  -121;  -1.8; drag-lps8-08; 5; 11; 125000; 43340
2023-09-22 14:05:45; hka-aqm-a112;  24.00;  48.96;   434;   855;   359;   136;     1;     6;  -120;  -120;  -2.5; drag-lps8-08; 3; 11; 125000; 43341
2023-09-22 14:07:15; hka-aqm-a112;  23.98;  48.96;   431;   848;   493;   205;     1;     3;  -115;  -115;   1.8; drag-outd-01; 7; 11; 125000; 43342
2023-09-22 14:08:46; hka-aqm-a112;  23.99;  49.12;   430;   860;   524;   219;     0;     4;  -112;  -112; nan; drag-outd-01; 5; 11; 125000; 43343
2023-09-22 14:10:16; hka-aqm-a112;  24.00;  49.54;   432;   868;   659;   289;     0;     2;  -123;  -123; -10.0; drag-lps8-02; 2; 11; 125000; 43344
2023-09-22 14:11:47; hka-aqm-a112;  23.96;  50.49;   433;   862;   881;   407;     1;     4;  -113;  -113;   3.0; drag-lps8-08; 1; 11; 125000; 43345
2023-09-22 14:13:18; hka-aqm-a112;  23.96;  50.75;   434;   769;   757;   336;     1;     4;  -119;  -119;   1.0; drag-lps8-08; 4; 11; 125000; 43346
2023-09-22 14:22:44; hka-aqm-a112;  24.11;  50.68;   433;   914;   854;   393;     2;     6;  -115;  -115;   2.2; drag-lps8-08; 0; 11; 125000; 43347
2023-09-22 14:24:14; hka-aqm-a112;  24.14;  50.78;   433;   915;   676;   296;     1;     5;  -114;  -114;  -3.0; drag-outd-01; 6; 11; 125000; 43348
2023-09-22 14:25:45; hka-aqm-a112;  24.13;  50.94;   439;   924;   441;   169;     0;     4;  -128;  -128; -10.5; drag-lps8-08; 5; 11; 125000; 43349
2023-09-22 14:28:04; hka-aqm-a112;  24.14;  50.75;   445;   933;   779;   398;     1;     6;  -119;  -119;   1.0; drag-outd-01; 3; 11; 125000; 43350
2023-09-22 14:30:23; hka-aqm-a112;  24.08;  50.46;   447;   898;   851;   390;     1;     6;  -112;  -112;   2.5; drag-outd-01; 1; 11; 125000; 43351
2023-09-22 14:34:05; hka-aqm-a112;  24.14;  50.49;   442;   885;   431;   166;     1;     6;  -119;  -119; nan; drag-lps8-08; 6; 11; 125000; 43352
2023-09-22 14:35:35; hka-aqm-a112;  24.15;  50.43;   441;   899;   332;   112;     1;     4;  -114;  -114;  -1.5; drag-outd-01; 7; 11; 125000; 43353
2023-09-22 14:37:24; hka-aqm-a112;  24.20;  50.68;   437;   923;   923;   430;     1;     6;  -121;  -121;  -8.2; drag-lps8-02; 2; 11; 125000; 43354
2023-09-22 14:40:23; hka-aqm-a112;  24.20;  50.68;   438;   909;   441;   169;     1;     7;  -114;  -114;   1.2; drag-outd-01; 0; 11; 125000; 43355
2023-09-22 14:41:53; hka-aqm-a112;  24.27;  50.65;   437;   921;   309;   100;     1;     3;  -118;  -118;  -0.5; drag-lps8-08; 4; 11; 125000; 43356
2023-09-22 14:43:25; hka-aqm-a112;  24.26;  50.65;   439;   953;   730;   326;     1;     3;  -120;  -120;  -5.5; drag-lps8-02; 0; 11; 125000; 43357
2023-09-22 14:44:56; hka-aqm-a112;  24.26;  50.52;   442;   958;   524;   215;     1;     0;  -117;  -117;  -4.0; drag-outd-01; 6; 11; 125000; 43358
2023-09-22 14:46:26; hka-aqm-a112;  24.22;  50.78;   443;   976;   743;   334;     0;     0;  -114;  -114;   2.2; drag-lps8-08; 1; 11; 125000; 43359
2023-09-22 14:47:57; hka-aqm-a112;  24.20;  50.87;   443;   953;   218;    99;     0;     1;  -125;  -125; -18.0; drag-lps8-02; 3; 11; 125000; 43360
2023-09-22 14:49:27; hka-aqm-a112;  24.20;  50.81;   445;   952;   818;   424;     1;     2;  -113;  -113;  -0.8; drag-lps8-08; 5; 11; 125000; 43361
2023-09-22 14:50:58; hka-aqm-a112;  24.21;  50.84;   448;   871;   214;    97;     2;     2;  -115;  -115;  -1.8; drag-outd-01; 7; 11; 125000; 43362
2023-09-22 14:55:04; hka-aqm-a112;  24.27;  50.56;   440;   965;   777;   352;     1;     3;  -126;  -126; -11.5; drag-lps8-02; 4; 11; 125000; 43363
2023-09-22 14:56:34; hka-aqm-a112;  24.26;  50.56;   440;   999;   651;   284;     0;     3;  -113;  -113;   0.2; drag-outd-01; 2; 11; 125000; 43364
2023-09-22 14:58:05; hka-aqm-a112;  24.26;  51.25;   439;   969;   300;   141;     0;     3;  -120;  -120;  -9.2; drag-lps8-02; 1; 11; 125000; 43365
2023-09-22 14:59:35; hka-aqm-a112;  24.29;  51.13;   442;   957;   418;   201;     1;     2;  -115;  -115;   0.2; drag-lps8-08; 6; 11; 125000; 43366
2023-09-22 15:01:06; hka-aqm-a112;  24.28;  51.25;   445;   982;   883;   454;     2;     2;  -128;  -128; -14.5; drag-lps8-02; 5; 11; 125000; 43367
2023-09-22 15:02:36; hka-aqm-a112;  24.25;  51.54;   441;   964;   680;   344;     0;     2;  -117;  -117;   2.0; drag-lps8-08; 2; 11; 125000; 43368
2023-09-22 15:04:07; hka-aqm-a112;  24.22;  51.06;   441;  1026;   928;   432;     0;     3;  -118;  -118;  -0.8; drag-lps8-08; 3; 11; 125000; 43369
2023-09-22 15:05:37; hka-aqm-a112;  24.29;  50.97;   449;   975;   389;   141;     1;     3;  -120;  -120;  -0.8; drag-lps8-08; 4; 11; 125000; 43370
2023-09-22 15:07:23; hka-aqm-a112;  24.27;  51.06;   449;   975;   954;   446;     1;     3;  -126;  -126; -10.5; drag-lps8-02; 0; 11; 125000; 43371
2023-09-22 15:08:53; hka-aqm-a112;  24.28;  51.03;   446;   974;   614;   262;     0;     1;  -120;  -120;   1.0; drag-lps8-08; 7; 11; 125000; 43372
2023-09-22 15:10:25; hka-aqm-a112;  24.28;  50.94;   446;   951;   465;   181;     0;     2;  -114;  -114;  -0.8; drag-outd-01; 2; 11; 125000; 43373
2023-09-22 15:23:43; hka-aqm-a112;  24.20;  49.28;   442;   802;   328;   111;     2;     5;  -128;  -128; -16.5; drag-lps8-02; 6; 11; 125000; 43374
2023-09-22 15:25:13; hka-aqm-a112;  24.17;  49.38;   438;   797;   520;   213;     1;     2;  -115;  -115;  -5.2; drag-outd-01; 5; 11; 125000; 43375
2023-09-22 15:26:45; hka-aqm-a112;  24.20;  48.96;   432;   780;   826;   379;     0;     2;  -119;  -119;   1.5; drag-lps8-08; 7; 11; 125000; 43376
2023-09-22 15:28:24; hka-aqm-a112;  24.18;  48.29;   430;   775;   317;   104;     1;     3;  -118;  -118;  -0.8; drag-lps8-08; 4; 11; 125000; 43377
2023-09-22 15:34:05; hka-aqm-a112;  24.19;  47.74;   426;   755;   676;   295;     1;     5;  -114;  -114;  -0.5; drag-outd-01; 0; 11; 125000; 43378
2023-09-22 15:35:35; hka-aqm-a112;  24.17;  47.36;   426;   748;   757;   341;     1;     5;  -118;  -118;   0.2; drag-lps8-08; 3; 11; 125000; 43379
2023-09-22 15:37:25; hka-aqm-a112;  24.23;  46.91;   426;   738;   488;   196;     1;     5;  -111;  -111;  -9.0; drag-lps8-02; 1; 11; 125000; 43380
2023-09-22 15:38:55; hka-aqm-a112;  24.22;  46.85;   426;   690;   700;   311;     0;     2;  -117;  -117;  -1.8; drag-lps8-08; 5; 11; 125000; 43381
2023-09-22 15:40:26; hka-aqm-a112;  24.30;  46.72;   426;   641;   407;   152;     1;     2;  -122;  -122;  -1.8; drag-lps8-08; 3; 11; 125000; 43382
2023-09-22 15:41:56; hka-aqm-a112;  24.27;  46.72;   426;   756;   666;   293;     1;     3;  -113;  -113;  -0.8; drag-outd-01; 2; 11; 125000; 43383
2023-09-22 15:43:27; hka-aqm-a112;  24.34;  46.43;   430;   729;   869;   402;     0;     3;  -113;  -113;  -3.8; drag-outd-01; 6; 11; 125000; 43384
2023-09-22 15:45:04; hka-aqm-a112;  24.34;  46.56;   431;   712;   718;   321;     0;     4;  -113;  -113;   0.2; drag-outd-01; 0; 11; 125000; 43385
2023-09-22 15:47:40; hka-aqm-a112;  24.40;  46.23;   431;   744;   180;    79;     1;     4;  -118;  -118;  -7.5; drag-lps8-02; 1; 11; 125000; 43387
2023-09-22 15:51:45; hka-aqm-a112;  24.26;  46.62;   432;   780;   272;    83;     1;     4;  -120;  -120;  -1.0; drag-lps8-08; 7; 11; 125000; 43388
2023-09-22 15:55:44; hka-aqm-a112;  24.30;  45.68;   429;   748;   434;   170;     1;     4;  -116;  -116;  -0.5; drag-lps8-08; 0; 11; 125000; 43389
2023-09-22 15:57:14; hka-aqm-a112;  24.28;  45.43;   429;   753;   298;    98;     0;     2;  -114;  -114;  -4.5; drag-outd-01; 6; 11; 125000; 43390
2023-09-22 16:06:24; hka-aqm-a112;  24.26;  45.36;   429;   735;   433;   170;     2;     7;  -114;  -114;  -1.5; drag-lps8-08; 2; 11; 125000; 43391
2023-09-22 16:07:55; hka-aqm-a112;  24.19;  45.30;   429;   729;   702;   317;     0;     2;  -131;  -131; -17.2; drag-lps8-02; 7; 11; 125000; 43392
2023-09-22 16:09:25; hka-aqm-a112;  24.21;  45.36;   426;   634;   656;   290;     0;     2;  -111;  -111;  -1.8; drag-outd-01; 5; 11; 125000; 43393
2023-09-22 16:10:56; hka-aqm-a112;  24.25;  45.33;   438;   732;   300;    99;     1;     1;  -126;  -126; -10.8; drag-lps8-02; 4; 11; 125000; 43394
2023-09-22 16:13:43; hka-aqm-a112;  24.24;  45.56;   436;   766;   440;   174;     1;     3;  -113;  -113;   3.8; drag-outd-01; 3; 11; 125000; 43395
2023-09-22 16:15:13; hka-aqm-a112;  24.28;  45.68;   430;   696;   572;   293;     0;     3;  -117;  -117;  -4.2; drag-outd-01; 1; 11; 125000; 43396
2023-09-22 16:16:45; hka-aqm-a112;  24.25;  45.56;   427;   752;   504;   256;     0;     3;  -117;  -117;  -9.0; drag-lps8-02; 2; 11; 125000; 43397
2023-09-22 16:18:15; hka-aqm-a112;  24.34;  45.65;   435;   782;   284;    90;     0;     1;  -115;  -115;  -1.2; drag-lps8-08; 4; 11; 125000; 43398
2023-09-22 16:28:44; hka-aqm-a112;  24.35;  45.56;   430;   791;   428;   166;     2;     5;  -114;  -114;  -4.8; drag-lps8-08; 7; 11; 125000; 43399
2023-09-22 16:30:15; hka-aqm-a112;  24.34;  45.68;   430;   789;   662;   292;     1;     2;  -116;  -116;  -0.8; drag-lps8-08; 0; 11; 125000; 43400
2023-09-22 16:31:45; hka-aqm-a112;  24.31;  45.43;   430;   828;   649;   285;     1;     2;  -125;  -125; -17.0; drag-lps8-02; 3; 11; 125000; 43401
2023-09-22 16:38:44; hka-aqm-a112;  24.34;  44.97;   430;   796;   239;    65;     1;     5;  -118;  -118;  -3.5; drag-lps8-08; 5; 11; 125000; 43402
2023-09-22 16:40:44; hka-aqm-a112;  24.28;  44.84;   434;   804;   435;   172;     1;     2;  -120;  -120;  -9.2; drag-lps8-02; 1; 11; 125000; 43403
2023-09-22 16:42:14; hka-aqm-a112;  24.28;  44.84;   437;   803;   542;   230;     1;     5;  -128;  -128; -17.2; drag-lps8-02; 6; 11; 125000; 43404
2023-09-22 16:43:45; hka-aqm-a112;  24.28;  44.94;   439;   814;   244;    69;     1;     4;  -119;  -119;  -7.8; drag-lps8-02; 2; 11; 125000; 43405
2023-09-22 16:58:52; hka-aqm-a112;  24.42;  44.52;   436;   823;   470;   193;     1;     5;  -117;  -117;   3.0; drag-outd-01; 3; 11; 125000; 43406
2023-09-22 17:10:44; hka-aqm-a112;  24.50;  44.26;   443;   893;   186;    40;     2;     5;  -126;  -126; -12.8; drag-lps8-02; 4; 11; 125000; 43407
2023-09-22 17:14:24; hka-aqm-a112;  24.42;  43.94;   439;   900;   313;   111;     2;     1;  -121;  -121;  -9.0; drag-lps8-02; 1; 11; 125000; 43408
2023-09-22 17:15:55; hka-aqm-a112;  24.44;  43.90;   438;   881;   215;    57;     1;     0;  -116;  -116;  -0.8; drag-lps8-08; 0; 11; 125000; 43409
2023-09-22 17:17:25; hka-aqm-a112;  24.41;  43.84;   438;   880;   393;   155;     1;     1;  -116;  -116;  -3.5; drag-outd-01; 7; 11; 125000; 43410
2023-09-22 17:32:32; hka-aqm-a112;  24.38;  43.68;   453;   908;   209;    56;     1;     1;  -117;  -117;  -1.8; drag-lps8-08; 6; 11; 125000; 43411
2023-09-22 17:47:39; hka-aqm-a112;  24.38;  43.51;   460;  1019;   148;    27;     0;     2;  -114;  -114;  -4.8; drag-outd-01; 5; 11; 125000; 43412
2023-09-22 18:02:46; hka-aqm-a112;  24.37;  43.68;   460;  1058;   121;    14;     1;     4;  -122;  -122;  -7.8; drag-lps8-02; 0; 11; 125000; 43413
2023-09-22 18:17:54; hka-aqm-a112;  24.11;  45.81;   460;  1099;   178;    43;     1;     4;  -117;  -117;  -0.2; drag-lps8-08; 5; 11; 125000; 43414
2023-09-22 18:33:01; hka-aqm-a112;  24.32;  45.78;   476;  1536;   138;    23;     1;     1;  -114;  -114;   1.2; drag-lps8-08; 2; 11; 125000; 43415
2023-09-22 18:48:08; hka-aqm-a112;  24.42;  45.81;   480;  1804;   123;    15;     1;     4;  -126;  -126; -14.8; drag-lps8-02; 6; 11; 125000; 43416
2023-09-22 18:52:45; hka-aqm-a112;  24.40;  46.07;   483;  1741;   125;    17;     1;     4;  -125;  -125; -12.2; drag-lps8-02; 4; 11; 125000; 43417
2023-09-22 18:55:25; hka-aqm-a112;  24.42;  46.04;   484;  1686;   127;    18;     1;     0;  -124;  -124; -10.5; drag-lps8-02; 7; 11; 125000; 43418
2023-09-22 19:04:05; hka-aqm-a112;  24.42;  46.17;   483;  1784;   125;    17;     1;     1;  -126;  -126; -17.5; drag-lps8-02; 3; 11; 125000; 43419
2023-09-22 19:06:44; hka-aqm-a112;  24.45;  46.17;   482;  1914;    14;     4;     0;     1;  -120;  -120;  -9.5; drag-lps8-02; 1; 11; 125000; 43420
2023-09-22 19:08:14; hka-aqm-a112;  24.44;  46.14;   481;  1922;   125;    17;     1;     1;  -112;  -112;   2.5; drag-outd-01; 2; 11; 125000; 43421
2023-09-22 19:23:21; hka-aqm-a112;  24.40;  46.46;   489;  1941;   119;    13;     0;     0;  -122;  -122; -10.5; drag-lps8-02; 1; 11; 125000; 43422
2023-09-22 19:38:30; hka-aqm-a112;  24.44;  46.65;   509;  2031;   118;    13;     2;     6;  -120;  -120;  -2.8; drag-lps8-08; 4; 11; 125000; 43423
2023-09-22 19:53:37; hka-aqm-a112;  24.48;  46.91;   520;  2137;   118;    13;     0;     1;  -126;  -126; -12.2; drag-lps8-02; 7; 11; 125000; 43424
2023-09-22 20:08:44; hka-aqm-a112;  24.42;  47.36;   530;  2165;   118;    13;     2;     6;  -120;  -120;  -1.5; drag-lps8-08; 6; 11; 125000; 43425
2023-09-22 20:23:51; hka-aqm-a112;  24.42;  47.49;   545;  2147;   118;    13;     2;     6;  -119;  -119;  -2.2; drag-lps8-08; 5; 11; 125000; 43426
2023-09-22 20:38:58; hka-aqm-a112;  24.38;  47.81;   555;  2161;   118;    13;     0;     0;  -113;  -113;   0.2; drag-outd-01; 0; 11; 125000; 43427
2023-09-22 20:40:29; hka-aqm-a112;  24.42;  47.71;   551;  2199;     7;     8;     2;     6;  -124;  -124; -16.2; drag-lps8-02; 3; 11; 125000; 43428
2023-09-22 20:48:24; hka-aqm-a112;  24.31;  47.97;   551;  2191;   121;    13;     1;     0;  -114;  -114;  -1.0; drag-outd-01; 2; 11; 125000; 43429
2023-09-22 20:53:24; hka-aqm-a112;  24.34;  47.94;   549;  2238;     7;     8;     1;     0;  -122;  -122;  -3.5; drag-lps8-08; 3; 11; 125000; 43430
2023-09-22 21:08:32; hka-aqm-a112;  24.30;  48.19;   557;  2188;     7;     0;     1;     0;  -113;  -113;  -5.2; drag-outd-01; 5; 11; 125000; 43431
2023-09-22 21:11:43; hka-aqm-a112;  24.28;  48.26;   548;  2024;     7;     0;     1;     0;  -122;  -122;  -6.8; drag-lps8-02; 4; 11; 125000; 43432
2023-09-22 21:26:51; hka-aqm-a112;  24.26;  48.39;   542;  2083;     7;     0;     1;     0;  -122;  -122;  -9.0; drag-lps8-02; 7; 11; 125000; 43433
2023-09-22 21:33:24; hka-aqm-a112;  24.22;  48.42;   540;  1901;     7;     0;     1;     0;  -123;  -123; -12.0; drag-lps8-02; 6; 11; 125000; 43434
2023-09-22 21:48:31; hka-aqm-a112;  24.21;  48.51;   534;  2033;    10;     3;     2;     0;  -128;  -128; -10.5; drag-lps8-02; 0; 11; 125000; 43435
2023-09-22 21:55:04; hka-aqm-a112;  24.19;  48.58;   531;  1877;    10;     3;     2;     0;  -124;  -124; -13.0; drag-lps8-02; 1; 11; 125000; 43436
2023-09-22 22:10:11; hka-aqm-a112;  24.16;  48.71;   525;  2049;    10;     3;     2;     0;  -124;  -124; -12.2; drag-lps8-02; 2; 11; 125000; 43437
2023-09-22 22:24:22; hka-aqm-a112;  24.14;  48.83;   530;  1768;    10;     3;     2;     0;  -117;  -117;   3.2; drag-outd-01; 3; 11; 125000; 43438
2023-09-22 22:39:29; hka-aqm-a112;  24.03;  49.03;   515;  1848;     7;     0;     1;     0;  -109;  -109;  -0.8; drag-outd-01; 6; 11; 125000; 43439
2023-09-22 22:54:37; hka-aqm-a112;  24.00;  48.99;   506;  1729;     7;     2;     1;     0;  -125;  -125; -10.2; drag-lps8-02; 7; 11; 125000; 43440
2023-09-22 23:09:45; hka-aqm-a112;  23.97;  49.09;   511;  1761;     7;     0;     1;     0;  -121;  -121;  -3.8; drag-lps8-08; 5; 11; 125000; 43441
2023-09-22 23:24:52; hka-aqm-a112;  23.91;  49.06;   503;  1702;     7;     1;     1;     0;  -115;  -115;   4.5; drag-outd-01; 1; 11; 125000; 43442
2023-09-22 23:39:59; hka-aqm-a112;  23.91;  48.99;   493;  1602;     7;     0;     1;     0;  -118;  -118;  -0.8; drag-lps8-08; 0; 11; 125000; 43443
2023-09-22 23:55:06; hka-aqm-a112;  23.86;  48.90;   491;  1524;     8;     2;     1;     0;  -121;  -121;   4.8; drag-outd-01; 4; 11; 125000; 43444
