# Logfile LoRaWAN TTN/TTS V3 logger version hka-log V 1.1
date_time;device_id;tmp;hum;CO2;VOC;vis;IR;WIFI;BLE;rssi;channel_rssi;snr;gateway;channel_index;spreading_factor;bandwidth;f_cnt
2023-07-23 00:00:00; hka-aqm-a103;  27.56;  36.92;   393;  1458;    11;     4;     3;     1;  -110;  -110;  -2.5; drag-outd-01; 7; 7; 125000; 26267
2023-07-23 00:15:06; hka-aqm-a103;  27.53;  36.92;   400;  1503;     8;     1;     2;     0;  -114;  -114;   1.2; drag-lps8-02; 0; 7; 125000; 26268
2023-07-23 00:30:13; hka-aqm-a103;  27.48;  36.92;   396;  1503;     8;     1;     1;     0;  -109;  -109;   2.2; drag-outd-01; 1; 7; 125000; 26269
2023-07-23 00:45:20; hka-aqm-a103;  27.44;  36.98;   400;  1499;     8;     1;     3;     1;  -115;  -115;  -3.0; drag-lps8-02; 3; 7; 125000; 26270
2023-07-23 01:00:26; hka-aqm-a103;  27.40;  36.98;   398;  1436;     8;     1;     1;     0;  -114;  -114;  -1.0; drag-lps8-02; 6; 7; 125000; 26271
2023-07-23 01:15:32; hka-aqm-a103;  27.35;  37.05;   403;  1531;     8;     1;     0;     0;  -108;  -108;   1.5; drag-outd-01; 1; 7; 125000; 26272
2023-07-23 01:30:41; hka-aqm-a103;  27.29;  37.08;   408;  1434;     8;     1;     3;     1;  -123;  -123;  -4.2; drag-lps8-08; 3; 7; 125000; 26273
2023-07-23 01:45:47; hka-aqm-a103;  27.27;  37.12;   404;  1437;     8;     1;     1;     0;  -113;  -113;   1.2; drag-lps8-02; 0; 7; 125000; 26274
2023-07-23 02:00:53; hka-aqm-a103;  27.24;  37.12;   416;  1440;    10;     2;     0;     0;  -115;  -115;  -7.0; drag-outd-01; 5; 7; 125000; 26275
2023-07-23 02:16:01; hka-aqm-a103;  27.20;  37.18;   414;  1432;     8;     1;     3;     1;  -110;  -110;  -2.5; drag-outd-01; 7; 7; 125000; 26276
2023-07-23 02:31:07; hka-aqm-a103;  27.16;  37.18;   411;  1440;     8;     1;     2;     0;  -111;  -111;   2.2; drag-lps8-02; 2; 7; 125000; 26277
2023-07-23 02:46:13; hka-aqm-a103;  27.14;  37.22;   414;  1420;     8;     1;     1;     0;  -115;  -115;  -1.0; drag-lps8-02; 4; 7; 125000; 26278
2023-07-23 03:01:19; hka-aqm-a103;  27.10;  37.25;   410;  1398;     8;     1;     3;     1;  -113;  -113;   1.5; drag-lps8-02; 1; 7; 125000; 26279
2023-07-23 03:16:26; hka-aqm-a103;  27.06;  37.32;   405;  1388;     8;     1;     2;     0;  -115;  -115;  -1.2; drag-lps8-02; 6; 7; 125000; 26280
2023-07-23 03:31:32; hka-aqm-a103;  27.04;  37.32;   428;  1420;     8;     1;     1;     0;  -116;  -116;  -4.0; drag-outd-01; 4; 7; 125000; 26281
2023-07-23 03:46:41; hka-aqm-a103;  27.01;  37.38;   425;  1371;     8;     1;     3;     1;  -119;  -119;  -1.0; drag-lps8-08; 7; 7; 125000; 26282
2023-07-23 04:01:47; hka-aqm-a103;  26.98;  37.38;   430;  1472;     8;     1;     1;     0;  -115;  -115;  -2.2; drag-lps8-02; 5; 7; 125000; 26283
2023-07-23 04:16:53; hka-aqm-a103;  26.93;  37.45;   425;  1271;    10;     3;     1;     0;  -122;  -122;  -4.5; drag-lps8-08; 3; 7; 125000; 26284
2023-07-23 04:32:00; hka-aqm-a103;  26.91;  37.51;   426;  1402;     8;     1;     3;     1;  -114;  -114;  -0.8; drag-lps8-08; 2; 7; 125000; 26285
2023-07-23 04:47:06; hka-aqm-a103;  26.89;  37.51;   427;  1385;     8;     1;     1;     0;  -110;  -110; nan; drag-outd-01; 0; 7; 125000; 26286
2023-07-23 05:02:12; hka-aqm-a103;  26.87;  37.58;   425;  1350;     8;     1;     0;     0;  -107;  -107;   2.5; drag-outd-01; 1; 7; 125000; 26287
2023-07-23 05:17:19; hka-aqm-a103;  26.87;  37.58;   427;  1359;     8;     1;     3;     1;  -114;  -114;  -7.0; drag-outd-01; 5; 7; 125000; 26288
2023-07-23 05:32:25; hka-aqm-a103;  26.84;  37.65;   427;  1371;    10;     2;     0;     0;  -122;  -122;  -5.5; drag-lps8-08; 3; 7; 125000; 26289
2023-07-23 05:47:32; hka-aqm-a103;  26.82;  37.71;   428;  1349;    15;     5;     1;     0;  -116;  -116;  -4.5; drag-outd-01; 4; 7; 125000; 26290
2023-07-23 06:02:41; hka-aqm-a103;  26.78;  37.78;   432;  1357;    19;     6;     3;     1;  -119;  -119;  -1.2; drag-lps8-08; 0; 7; 125000; 26291
2023-07-23 06:17:47; hka-aqm-a103;  26.76;  37.84;   426;  1419;    25;    11;     1;     0;  -117;  -117;  -1.8; drag-lps8-08; 6; 7; 125000; 26292
2023-07-23 06:32:53; hka-aqm-a103;  26.78;  37.88;   430;  1322;    40;    19;     1;     0;  -110;  -110;   2.2; drag-lps8-02; 2; 7; 125000; 26293
2023-07-23 06:48:00; hka-aqm-a103;  26.74;  37.91;   436;  1287;    55;    26;     3;     1;  -116;  -116;   0.5; drag-lps8-08; 7; 7; 125000; 26294
2023-07-23 07:03:07; hka-aqm-a103;  26.78;  37.91;   434;  1336;    56;    26;     1;     0;  -114;  -114;  -0.8; drag-lps8-02; 4; 7; 125000; 26295
2023-07-23 07:18:13; hka-aqm-a103;  26.77;  37.94;   434;  1310;    36;    16;     1;     0;  -115;  -115;  -1.8; drag-lps8-02; 5; 7; 125000; 26296
2023-07-23 07:33:21; hka-aqm-a103;  26.74;  37.98;   434;  1365;    41;    18;     3;     1;  -112;  -112;  -0.2; drag-lps8-02; 6; 7; 125000; 26297
2023-07-23 07:48:27; hka-aqm-a103;  26.75;  38.04;   429;  1271;    43;    19;     2;     0;  -116;  -116;  -1.2; drag-lps8-08; 2; 7; 125000; 26298
2023-07-23 08:03:33; hka-aqm-a103;  26.76;  38.04;   437;  1290;    49;    22;     0;     0;  -120;  -120;  -4.0; drag-lps8-08; 3; 7; 125000; 26299
2023-07-23 08:18:40; hka-aqm-a103;  26.77;  37.98;   427;  1325;    61;    28;     3;     1;  -111;  -111;   2.5; drag-lps8-02; 1; 7; 125000; 26300
2023-07-23 08:33:46; hka-aqm-a103;  26.81;  38.01;   428;  1257;   102;    50;     0;     0;  -116;  -116; nan; drag-lps8-08; 7; 7; 125000; 26301
2023-07-23 08:48:52; hka-aqm-a103;  26.84;  37.91;   434;  1300;    72;    35;     3;     1;  -113;  -113;   2.5; drag-lps8-02; 0; 7; 125000; 26302
2023-07-23 09:04:00; hka-aqm-a103;  26.88;  37.91;   426;  1333;    47;    20;     3;     1;  -109;  -109;   2.0; drag-lps8-02; 2; 7; 125000; 26303
2023-07-23 09:19:06; hka-aqm-a103;  26.87;  37.88;   432;  1324;    69;    32;     3;     1;  -121;  -121;  -6.8; drag-outd-01; 3; 7; 125000; 26304
2023-07-23 09:34:12; hka-aqm-a103;  26.94;  37.88;   426;  1265;    76;    35;     0;     0;  -115;  -115;  -3.8; drag-outd-01; 0; 7; 125000; 26305
2023-07-23 09:49:19; hka-aqm-a103;  26.93;  37.88;   434;  1298;   107;    53;     3;     1;  -112;  -112;  -0.5; drag-lps8-02; 6; 7; 125000; 26306
2023-07-23 10:03:39; hka-aqm-a103;  27.02;  37.84;   430;  1329;   246;   127;     3;     1;  -114;  -114;   1.0; drag-lps8-02; 7; 7; 125000; 26307
2023-07-23 10:04:59; hka-aqm-a103;  26.99;  37.81;   429;  1306;   136;    67;     2;     0;  -116;  -116;  -1.0; drag-lps8-08; 5; 7; 125000; 26308
2023-07-23 10:20:05; hka-aqm-a103;  27.09;  37.71;   432;  1331;   150;    76;     0;     0;  -116;  -116;  -2.8; drag-outd-01; 1; 7; 125000; 26309
2023-07-23 10:35:11; hka-aqm-a103;  27.14;  37.58;   423;  1277;   126;    61;     0;     0;  -117;  -117;  -2.2; drag-lps8-08; 4; 7; 125000; 26310
2023-07-23 10:50:20; hka-aqm-a103;  27.26;  37.38;   432;  1188;   140;    69;     2;     1;  -115;  -115;   0.2; drag-lps8-08; 5; 7; 125000; 26311
2023-07-23 11:05:27; hka-aqm-a103;  27.35;  37.18;   428;  1296;   172;    86;     0;     0;  -111;  -111;   1.2; drag-lps8-02; 2; 7; 125000; 26312
2023-07-23 11:08:19; hka-aqm-a103;  27.33;  37.22;   426;  1267;   310;   162;     2;     1;  -114;  -114;   0.8; drag-lps8-08; 4; 7; 125000; 26313
2023-07-23 11:10:19; hka-aqm-a103;  27.36;  37.15;   426;  1370;   316;   163;     2;     0;  -120;  -120;  -3.0; drag-lps8-08; 3; 7; 125000; 26314
2023-07-23 11:18:20; hka-aqm-a103;  27.49;  37.05;   430;  1323;   247;   125;     2;     0;  -120;  -120;  -3.8; drag-lps8-02; 0; 7; 125000; 26315
2023-07-23 11:22:39; hka-aqm-a103;  27.52;  36.95;   426;  1291;   279;   142;     1;     0;  -111;  -111;   5.2; drag-outd-01; 1; 7; 125000; 26317
2023-07-23 11:25:58; hka-aqm-a103;  27.59;  36.92;   433;  1306;   326;   168;     1;     0;  -117;  -117; nan; drag-lps8-08; 7; 7; 125000; 26318
2023-07-23 11:26:18; hka-aqm-a103;  27.60;  36.92;   430;  1272;   275;   142;     1;     0;  -113;  -113;   0.2; drag-lps8-02; 0; 7; 125000; 26319
2023-07-23 11:33:20; hka-aqm-a103;  27.61;  36.85;   425;  1286;   243;   123;     2;     0;  -117;  -117;  -2.0; drag-lps8-08; 5; 7; 125000; 26320
2023-07-23 11:38:39; hka-aqm-a103;  27.76;  36.85;   425;  1256;   419;   219;     2;     0;  -127;  -127;  -6.8; drag-outd-01; 4; 7; 125000; 26321
2023-07-23 11:38:59; hka-aqm-a103;  27.72;  36.82;   424;  1241;   184;    93;     1;     0;  -126;  -126;  -7.5; drag-lps8-08; 3; 7; 125000; 26322
2023-07-23 11:39:39; hka-aqm-a103;  27.71;  36.82;   423;  1267;   286;   147;     2;     0;  -112;  -112; nan; drag-lps8-02; 1; 7; 125000; 26323
2023-07-23 11:41:58; hka-aqm-a103;  27.70;  36.82;   430;  1265;   153;    75;     2;     0;  -115;  -115;  -1.2; drag-lps8-02; 6; 7; 125000; 26324
2023-07-23 11:42:38; hka-aqm-a103;  27.70;  36.79;   425;  1233;   364;   189;     1;     0;  -111;  -111;   7.0; drag-outd-01; 7; 7; 125000; 26325
2023-07-23 11:44:19; hka-aqm-a103;  27.72;  36.79;   423;  1271;   166;    82;     1;     0;  -108;  -108;   4.2; drag-outd-01; 2; 7; 125000; 26326
2023-07-23 11:45:58; hka-aqm-a103;  27.74;  36.75;   426;  1246;   298;   150;     1;     0;  -122;  -122;  -4.5; drag-lps8-08; 3; 7; 125000; 26327
2023-07-23 11:46:58; hka-aqm-a103;  27.77;  36.79;   433;  1361;   420;   219;     1;     0;  -114;  -114;  -1.0; drag-lps8-02; 6; 7; 125000; 26328
2023-07-23 11:47:40; hka-aqm-a103;  27.79;  36.75;   426;  1345;   188;    95;     1;     0;  -112;  -112;   5.5; drag-outd-01; 0; 7; 125000; 26329
2023-07-23 11:48:00; hka-aqm-a103;  27.76;  36.75;   425;  1324;   312;   159;     0;     0;  -123;  -123;  -4.2; drag-outd-01; 4; 7; 125000; 26330
2023-07-23 11:48:20; hka-aqm-a103;  27.76;  36.72;   424;  1311;   408;   212;     0;     0;  -113;  -113;   4.8; drag-outd-01; 7; 7; 125000; 26331
2023-07-23 11:48:59; hka-aqm-a103;  27.76;  36.72;   423;  1298;   302;   154;     0;     0;  -115;  -115;  -0.2; drag-outd-01; 2; 7; 125000; 26332
2023-07-23 11:49:20; hka-aqm-a103;  27.78;  36.75;   423;  1290;   198;    99;     0;     0;  -110;  -110;   0.2; drag-outd-01; 5; 7; 125000; 26333
2023-07-23 11:49:39; hka-aqm-a103;  27.74;  36.72;   423;  1293;   121;    59;     0;     0;  -112;  -112;   5.2; drag-outd-01; 1; 7; 125000; 26334
2023-07-23 11:50:20; hka-aqm-a103;  27.78;  36.72;   423;  1323;   266;   138;     0;     0;  -115;  -115;  -0.8; drag-lps8-02; 5; 7; 125000; 26335
2023-07-23 11:50:40; hka-aqm-a103;  27.77;  36.72;   423;  1242;   339;   174;     0;     0;  -114;  -114;   4.5; drag-outd-01; 7; 7; 125000; 26336
2023-07-23 11:51:19; hka-aqm-a103;  27.81;  36.75;   427;  1250;   147;    73;     2;     0;  -116;  -116;  -0.5; drag-lps8-02; 0; 7; 125000; 26337
2023-07-23 11:51:39; hka-aqm-a103;  27.77;  36.72;   426;  1262;   309;   158;     2;     0;  -113;  -113;   1.0; drag-outd-01; 1; 7; 125000; 26338
2023-07-23 11:54:38; hka-aqm-a103;  27.80;  36.72;   432;  1232;   335;   172;     2;     0;  -121;  -121;  -4.2; drag-lps8-08; 3; 7; 125000; 26339
2023-07-23 11:55:38; hka-aqm-a103;  27.82;  36.72;   431;  1242;   392;   203;     2;     0;  -117;  -117;   0.2; drag-outd-01; 4; 7; 125000; 26340
2023-07-23 11:58:58; hka-aqm-a103;  27.84;  36.65;   426;  1265;   323;   165;     2;     0;  -120;  -120;  -3.2; drag-lps8-08; 2; 7; 125000; 26341
2023-07-23 11:59:40; hka-aqm-a103;  27.90;  36.65;   424;  1252;   238;   120;     0;     0;  -109;  -109;   6.5; drag-outd-01; 6; 7; 125000; 26342
2023-07-23 12:03:00; hka-aqm-a103;  27.84;  36.65;   425;  1309;   202;   101;     1;     0;  -109;  -109;   5.0; drag-outd-01; 1; 7; 125000; 26343
2023-07-23 12:04:18; hka-aqm-a103;  27.86;  36.62;   426;  1262;   240;   121;     1;     0;  -115;  -115;  -2.8; drag-lps8-02; 3; 7; 125000; 26344
2023-07-23 12:07:19; hka-aqm-a103;  27.91;  36.62;   427;  1228;   261;   133;     1;     0;  -122;  -122;  -3.8; drag-lps8-08; 2; 7; 125000; 26345
2023-07-23 12:07:40; hka-aqm-a103;  27.89;  36.59;   425;  1282;   335;   172;     1;     0;  -118;  -118;  -1.5; drag-lps8-02; 7; 7; 125000; 26346
2023-07-23 12:08:39; hka-aqm-a103;  27.94;  36.55;   423;  1284;   228;   115;     0;     0;  -118;  -118;   1.0; drag-lps8-08; 0; 7; 125000; 26347
2023-07-23 12:12:59; hka-aqm-a103;  27.92;  36.55;   420;  1267;   283;   143;     2;     0;  -116;  -116;  -3.8; drag-outd-01; 5; 7; 125000; 26348
2023-07-23 12:13:38; hka-aqm-a103;  27.95;  36.55;   424;  1316;   392;   203;     1;     0;  -120;  -120;  -3.8; drag-lps8-08; 4; 7; 125000; 26349
2023-07-23 12:14:39; hka-aqm-a103;  28.00;  36.59;   420;  1244;   408;   212;     2;     0;  -113;  -113;   0.8; drag-lps8-02; 6; 7; 125000; 26350
2023-07-23 12:16:20; hka-aqm-a103;  27.98;  36.52;   421;  1286;   296;   150;     2;     0;  -119;  -119;  -1.0; drag-lps8-08; 4; 7; 125000; 26351
2023-07-23 12:16:39; hka-aqm-a103;  27.91;  36.52;   420;  1256;   237;   119;     2;     0;  -112;  -112;   4.8; drag-outd-01; 1; 7; 125000; 26352
2023-07-23 12:17:40; hka-aqm-a103;  28.04;  36.55;   423;  1221;   415;   214;     2;     0;  -119;  -119;  -6.0; drag-outd-01; 5; 7; 125000; 26353
2023-07-23 12:19:59; hka-aqm-a103;  28.01;  36.59;   429;  1282;   215;   107;     2;     0;  -112;  -112;   5.8; drag-outd-01; 0; 7; 125000; 26354
2023-07-23 12:20:20; hka-aqm-a103;  28.00;  36.52;   427;  1298;   287;   146;     1;     0;  -124;  -124;  -4.0; drag-outd-01; 3; 7; 125000; 26355
2023-07-23 12:21:19; hka-aqm-a103;  28.00;  36.59;   427;  1251;   116;    55;     1;     0;  -118;  -118;  -0.5; drag-lps8-08; 7; 7; 125000; 26356
2023-07-23 12:22:20; hka-aqm-a103;  28.07;  36.59;   427;  1277;   405;   211;     1;     0;  -111;  -111;   3.0; drag-lps8-08; 6; 7; 125000; 26357
2023-07-23 12:23:57; hka-aqm-a103;  28.02;  36.52;   434;  1256;   250;   125;     1;     0;  -116;  -116;  -2.5; drag-lps8-02; 2; 7; 125000; 26358
2023-07-23 12:24:19; hka-aqm-a103;  28.05;  36.52;   429;  1269;   143;    69;     0;     0;  -120;  -120;  -1.8; drag-outd-01; 3; 7; 125000; 26359
2023-07-23 12:24:57; hka-aqm-a103;  28.02;  36.52;   430;  1198;   369;   191;     0;     0;  -115;  -115;  -0.2; drag-lps8-08; 1; 7; 125000; 26360
2023-07-23 12:25:18; hka-aqm-a103;  28.04;  36.52;   426;  1196;   315;   160;     0;     0;  -115;  -115;   1.2; drag-lps8-08; 7; 7; 125000; 26361
2023-07-23 12:25:59; hka-aqm-a103;  28.06;  36.52;   422;  1255;   176;    85;     1;     0;  -110;  -110;   5.0; drag-outd-01; 6; 7; 125000; 26362
2023-07-23 12:26:20; hka-aqm-a103;  28.04;  36.49;   421;  1314;   377;   195;     1;     0;  -114;  -114;   3.0; drag-outd-01; 4; 7; 125000; 26363
2023-07-23 12:26:59; hka-aqm-a103;  28.06;  36.52;   423;  1296;   269;   137;     0;     0;  -109;  -109;   5.0; drag-lps8-02; 0; 7; 125000; 26364
2023-07-23 12:33:39; hka-aqm-a103;  28.09;  36.49;   422;  1205;   151;    74;     2;     0;  -120;  -120;  -5.5; drag-outd-01; 5; 7; 125000; 26365
2023-07-23 12:34:00; hka-aqm-a103;  28.09;  36.45;   421;  1225;   212;   108;     0;     0;  -122;  -122;  -3.5; drag-lps8-08; 2; 7; 125000; 26366
2023-07-23 12:40:19; hka-aqm-a103;  28.14;  36.45;   420;  1363;   171;    85;     2;     0;  -110;  -110;   5.0; drag-outd-01; 6; 7; 125000; 26367
2023-07-23 12:40:59; hka-aqm-a103;  28.19;  36.45;   424;  1334;   251;   127;     1;     0;  -118;  -118;  -1.0; drag-outd-01; 3; 7; 125000; 26368
2023-07-23 12:44:38; hka-aqm-a103;  28.16;  36.45;   422;  1243;   187;    94;     2;     0;  -114;  -114;  -0.2; drag-lps8-02; 1; 7; 125000; 26369
2023-07-23 12:46:19; hka-aqm-a103;  28.15;  36.45;   421;  1264;   305;   157;     1;     0;  -116;  -116;  -3.5; drag-lps8-08; 2; 7; 125000; 26370
2023-07-23 12:50:18; hka-aqm-a103;  28.16;  36.42;   417;  1298;   226;   114;     1;     0;  -114;  -114;   1.2; drag-outd-01; 5; 7; 125000; 26371
2023-07-23 13:05:25; hka-aqm-a103;  28.25;  36.39;   418;  1248;   346;   177;     2;     1;  -115;  -115;   0.5; drag-lps8-08; 0; 7; 125000; 26372
2023-07-23 13:05:58; hka-aqm-a103;  28.26;  36.39;   421;  1255;   266;   134;     2;     1;  -107;  -107;   6.5; drag-outd-01; 7; 7; 125000; 26373
2023-07-23 13:06:39; hka-aqm-a103;  28.24;  36.39;   419;  1331;   318;   161;     2;     0;  -114;  -114;   1.2; drag-lps8-08; 4; 7; 125000; 26374
2023-07-23 13:09:37; hka-aqm-a103;  28.30;  36.35;   423;  1201;   379;   195;     1;     0;  -113;  -113;   0.8; drag-lps8-08; 6; 7; 125000; 26375
2023-07-23 13:17:59; hka-aqm-a103;  28.41;  36.32;   425;  1295;   189;    94;     1;     0;  -110;  -110;  -3.5; drag-lps8-02; 2; 7; 125000; 26376
2023-07-23 13:32:58; hka-aqm-a103;  28.40;  36.22;   416;  1291;   334;   169;     2;     0;  -116;  -116;   0.8; drag-outd-01; 3; 7; 125000; 26377
2023-07-23 13:33:20; hka-aqm-a103;  28.42;  36.19;   415;  1319;   250;   126;     0;     0;  -115;  -115;   0.2; drag-lps8-08; 5; 7; 125000; 26378
2023-07-23 13:34:17; hka-aqm-a103;  28.41;  36.19;   418;  1272;   164;    81;     1;     0;  -108;  -108;   3.8; drag-lps8-02; 1; 7; 125000; 26379
2023-07-23 13:35:19; hka-aqm-a103;  28.46;  36.19;   414;  1288;   329;   168;     2;     0;  -109;  -109;   6.5; drag-outd-01; 0; 7; 125000; 26380
2023-07-23 13:36:59; hka-aqm-a103;  28.50;  36.19;   414;  1202;   286;   144;     2;     0;  -116;  -116;   0.2; drag-lps8-08; 7; 7; 125000; 26381
2023-07-23 13:37:19; hka-aqm-a103;  28.47;  36.19;   414;  1251;   173;    86;     0;     0;  -113;  -113;  -0.2; drag-lps8-02; 4; 7; 125000; 26382
2023-07-23 13:37:39; hka-aqm-a103;  28.46;  36.16;   414;  1254;   346;   177;     0;     0;  -109;  -109;   4.8; drag-outd-01; 2; 7; 125000; 26383
2023-07-23 13:37:59; hka-aqm-a103;  28.48;  36.19;   414;  1228;   226;   113;     0;     0;  -114;  -114;  -1.2; drag-lps8-02; 4; 7; 125000; 26384
2023-07-23 13:38:19; hka-aqm-a103;  28.44;  36.19;   414;  1238;   172;    85;     2;     0;  -109;  -109;   4.0; drag-lps8-02; 1; 7; 125000; 26385
2023-07-23 13:38:38; hka-aqm-a103;  28.45;  36.16;   413;  1223;   245;   125;     2;     0;  -123;  -123;  -3.8; drag-lps8-08; 3; 7; 125000; 26386
2023-07-23 13:39:58; hka-aqm-a103;  28.49;  36.19;   416;  1203;   158;    78;     1;     0;  -118;  -118;  -3.5; drag-lps8-02; 5; 7; 125000; 26387
2023-07-23 13:41:39; hka-aqm-a103;  28.44;  36.19;   414;  1275;   270;   137;     1;     0;  -113;  -113;   1.2; drag-lps8-02; 7; 7; 125000; 26388
2023-07-23 13:42:40; hka-aqm-a103;  28.46;  36.16;   417;  1197;   327;   168;     1;     0;  -112;  -112;   1.8; drag-lps8-02; 6; 7; 125000; 26389
2023-07-23 13:43:20; hka-aqm-a103;  28.45;  36.19;   416;  1225;   146;    72;     1;     0;  -117;  -117;  -1.8; drag-lps8-02; 0; 7; 125000; 26390
2023-07-23 13:44:00; hka-aqm-a103;  28.45;  36.16;   414;  1251;   312;   158;     2;     0;  -112;  -112;   2.5; drag-lps8-02; 6; 7; 125000; 26391
2023-07-23 13:45:00; hka-aqm-a103;  28.50;  36.16;   416;  1308;   222;   115;     1;     0;  -113;  -113;   0.2; drag-lps8-02; 2; 7; 125000; 26392
2023-07-23 13:45:39; hka-aqm-a103;  28.47;  36.16;   419;  1291;   121;    58;     0;     0;  -121;  -121;  -2.0; drag-lps8-08; 0; 7; 125000; 26393
2023-07-23 13:47:59; hka-aqm-a103;  28.47;  36.12;   414;  1223;   367;   189;     2;     0;  -114;  -114; nan; drag-lps8-08; 1; 7; 125000; 26394
2023-07-23 13:48:37; hka-aqm-a103;  28.49;  36.12;   418;  1240;   170;    85;     1;     0;  -120;  -120;  -1.8; drag-lps8-08; 4; 7; 125000; 26395
2023-07-23 13:51:37; hka-aqm-a103;  28.49;  36.12;   418;  1280;   238;   117;     1;     0;  -112;  -112;   1.8; drag-lps8-02; 5; 7; 125000; 26396
2023-07-23 13:52:17; hka-aqm-a103;  28.50;  36.16;   420;  1240;   162;    80;     0;     0;  -109;  -109;   7.2; drag-outd-01; 7; 7; 125000; 26397
2023-07-23 13:54:39; hka-aqm-a103;  28.48;  36.12;   414;  1253;   309;   155;     0;     0;  -124;  -124;  -5.0; drag-lps8-08; 3; 7; 125000; 26398
2023-07-23 13:54:58; hka-aqm-a103;  28.49;  36.16;   414;  1262;   370;   191;     1;     0;  -121;  -121;  -2.8; drag-lps8-08; 4; 7; 125000; 26399
2023-07-23 13:58:37; hka-aqm-a103;  28.55;  36.12;   417;  1291;   267;   134;     2;     0;  -116;  -116;  -3.5; drag-outd-01; 5; 7; 125000; 26400
2023-07-23 13:58:59; hka-aqm-a103;  28.52;  36.12;   416;  1254;   144;    71;     1;     0;  -111;  -111;   5.2; drag-outd-01; 1; 7; 125000; 26401
2023-07-23 13:59:59; hka-aqm-a103;  28.55;  36.12;   417;  1240;   344;   176;     2;     0;  -114;  -114;   0.5; drag-lps8-02; 7; 7; 125000; 26402
2023-07-23 14:00:18; hka-aqm-a103;  28.54;  36.12;   416;  1247;   130;    63;     2;     0;  -111;  -111;   2.5; drag-lps8-02; 3; 7; 125000; 26403
2023-07-23 14:01:40; hka-aqm-a103;  28.55;  36.12;   418;  1289;   349;   178;     2;     0;  -121;  -121;  -2.2; drag-lps8-08; 0; 7; 125000; 26404
2023-07-23 14:07:58; hka-aqm-a103;  28.58;  35.99;   411;  1243;   252;   124;     2;     0;  -116;  -116;  -0.8; drag-lps8-08; 2; 7; 125000; 26405
2023-07-23 14:15:18; hka-aqm-a103;  28.69;  35.86;   412;  1150;   228;   115;     2;     1;  -113;  -113;   0.8; drag-lps8-08; 6; 7; 125000; 26406
2023-07-23 14:15:39; hka-aqm-a103;  28.72;  35.86;   411;  1154;   293;   148;     0;     0;  -114;  -114;   1.0; drag-lps8-08; 2; 7; 125000; 26407
2023-07-23 14:15:58; hka-aqm-a103;  28.69;  35.86;   411;  1165;   223;   111;     1;     0;  -114;  -114;  -0.5; drag-lps8-08; 3; 7; 125000; 26408
2023-07-23 14:16:57; hka-aqm-a103;  28.67;  35.82;   413;  1184;   262;   133;     1;     0;  -117;  -117;   1.5; drag-lps8-08; 0; 7; 125000; 26409
2023-07-23 14:17:58; hka-aqm-a103;  28.71;  35.79;   414;  1195;   229;   114;     1;     0;  -117;  -117;  -1.2; drag-lps8-08; 6; 7; 125000; 26410
2023-07-23 14:18:57; hka-aqm-a103;  28.70;  35.79;   416;  1226;   265;   133;     2;     0;  -111;  -111;   0.2; drag-lps8-02; 5; 7; 125000; 26411
2023-07-23 14:25:19; hka-aqm-a103;  28.74;  35.66;   413;  1156;   341;   173;     2;     0;  -112;  -112;   3.0; drag-lps8-02; 4; 7; 125000; 26412
2023-07-23 14:29:59; hka-aqm-a103;  28.86;  35.59;   412;  1223;   282;   142;     2;     0;  -118;  -118;  -1.8; drag-lps8-02; 7; 7; 125000; 26413
2023-07-23 14:30:19; hka-aqm-a103;  28.84;  35.56;   411;  1284;   333;   169;     0;     0;  -119;  -119;  -1.8; drag-lps8-08; 1; 7; 125000; 26414
2023-07-23 14:45:26; hka-aqm-a103;  29.00;  35.29;   412;  1198;   309;   156;     1;     0;  -110;  -110;   2.5; drag-lps8-02; 2; 7; 125000; 26415
2023-07-23 14:45:38; hka-aqm-a103;  29.02;  35.26;   411;  1187;   223;   112;     2;     0;  -109;  -109;   1.8; drag-lps8-02; 5; 7; 125000; 26416
2023-07-23 14:46:17; hka-aqm-a103;  29.01;  35.26;   415;  1198;   300;   151;     1;     0;  -120;  -120;  -2.2; drag-outd-01; 6; 7; 125000; 26417
2023-07-23 14:47:18; hka-aqm-a103;  29.01;  35.26;   411;  1230;   202;   101;     1;     0;  -116;  -116;  -2.5; drag-lps8-02; 3; 7; 125000; 26418
2023-07-23 14:59:18; hka-aqm-a103;  29.07;  35.19;   423;  1238;   346;   175;     2;     0;  -122;  -122;  -4.2; drag-outd-01; 4; 7; 125000; 26419
2023-07-23 15:02:00; hka-aqm-a103;  29.09;  35.12;   410;  1148;   200;    98;     2;     0;  -114;  -114;   0.2; drag-lps8-02; 7; 7; 125000; 26420
2023-07-23 15:02:39; hka-aqm-a103;  29.08;  35.12;   408;  1184;   341;   172;     1;     0;  -114;  -114;   0.8; drag-lps8-02; 0; 7; 125000; 26421
2023-07-23 15:03:20; hka-aqm-a103;  29.14;  35.12;   409;  1229;   194;    97;     0;     0;  -112;  -112;   3.5; drag-outd-01; 1; 7; 125000; 26422
2023-07-23 15:05:17; hka-aqm-a103;  29.16;  35.12;   416;  1211;   300;   149;     2;     0;  -120;  -120;  -0.8; drag-outd-01; 3; 7; 125000; 26423
2023-07-23 15:05:59; hka-aqm-a103;  29.17;  35.09;   411;  1261;   283;   142;     2;     0;  -117;  -117;  -1.2; drag-outd-01; 4; 7; 125000; 26424
2023-07-23 15:07:18; hka-aqm-a103;  29.14;  35.06;   409;  1218;   283;   142;     2;     0;  -117;  -117;   1.8; drag-lps8-08; 7; 7; 125000; 26425
2023-07-23 15:08:19; hka-aqm-a103;  29.13;  35.02;   409;  1246;   176;    87;     2;     0;  -114;  -114;   1.0; drag-lps8-08; 2; 7; 125000; 26426
2023-07-23 15:10:18; hka-aqm-a103;  29.22;  35.06;   412;  1234;   312;   157;     1;     0;  -121;  -121;  -4.0; drag-lps8-08; 5; 7; 125000; 26427
2023-07-23 15:12:18; hka-aqm-a103;  29.25;  35.06;   411;  1253;   160;    78;     1;     0;  -116;  -116;  -0.5; drag-lps8-08; 6; 7; 125000; 26428
2023-07-23 15:13:40; hka-aqm-a103;  29.24;  34.99;   408;  1257;   262;   131;     1;     0;  -112;  -112;   4.0; drag-lps8-02; 0; 7; 125000; 26429
2023-07-23 15:16:39; hka-aqm-a103;  29.30;  34.96;   409;  1222;   175;    86;     2;     0;  -111;  -111;   2.2; drag-lps8-02; 1; 7; 125000; 26430
2023-07-23 15:23:18; hka-aqm-a103;  29.29;  34.92;   408;  1322;   231;   116;     1;     1;  -124;  -124;  -4.5; drag-lps8-08; 3; 7; 125000; 26431
2023-07-23 15:25:18; hka-aqm-a103;  29.37;  34.92;   410;  1312;   183;    91;     2;     0;  -111;  -111;   5.8; drag-outd-01; 6; 7; 125000; 26432
2023-07-23 15:26:18; hka-aqm-a103;  29.33;  34.92;   408;  1256;   268;   135;     2;     0;  -109;  -109;   7.2; drag-outd-01; 7; 7; 125000; 26433
2023-07-23 15:27:19; hka-aqm-a103;  29.33;  34.92;   409;  1271;   147;    71;     1;     0;  -109;  -109;   3.5; drag-lps8-02; 5; 7; 125000; 26434
2023-07-23 15:29:00; hka-aqm-a103;  29.35;  34.92;   409;  1272;   248;   124;     2;     0;  -111;  -111;  -1.8; drag-outd-01; 0; 7; 125000; 26435
2023-07-23 15:29:19; hka-aqm-a103;  29.33;  34.92;   409;  1268;   165;    80;     0;     0;  -112;  -112;   3.2; drag-lps8-08; 1; 7; 125000; 26436
2023-07-23 15:44:25; hka-aqm-a103;  29.37;  34.86;   417;  1272;   122;    61;     1;     0;  -113;  -113;   1.0; drag-lps8-08; 2; 7; 125000; 26437
2023-07-23 15:58:17; hka-aqm-a103;  29.36;  34.86;   412;  1282;   154;    75;     2;     0;  -117;  -117;  -2.2; drag-lps8-02; 4; 7; 125000; 26438
2023-07-23 16:13:23; hka-aqm-a103;  29.40;  34.82;   417;  1287;   135;    65;     2;     0;  -113;  -113;   0.2; drag-lps8-02; 0; 7; 125000; 26439
2023-07-23 16:26:38; hka-aqm-a103;  29.38;  34.86;   408;  1264;   239;   119;     2;     0;  -113;  -113;   3.8; drag-lps8-08; 6; 7; 125000; 26440
2023-07-23 16:27:58; hka-aqm-a103;  29.38;  34.86;   405;  1242;   228;   112;     1;     0;  -117;  -117;  -6.0; drag-outd-01; 5; 7; 125000; 26441
2023-07-23 16:29:59; hka-aqm-a103;  29.41;  34.86;   407;  1216;   160;    77;     1;     0;  -111;  -111;   5.8; drag-outd-01; 7; 7; 125000; 26442
2023-07-23 16:38:59; hka-aqm-a103;  29.41;  34.76;   407;  1145;   130;    63;     2;     0;  -111;  -111;   2.2; drag-lps8-02; 3; 7; 125000; 26443
2023-07-23 16:40:19; hka-aqm-a103;  29.43;  34.79;   409;  1227;   185;    90;     1;     0;  -123;  -123;  -4.0; drag-lps8-08; 4; 7; 125000; 26444
2023-07-23 16:49:19; hka-aqm-a103;  29.46;  34.72;   408;  1270;   192;    94;     2;     0;  -111;  -111;   4.0; drag-outd-01; 2; 7; 125000; 26445
2023-07-23 16:59:59; hka-aqm-a103;  29.54;  34.72;   407;  1312;   187;    89;     2;     1;  -112;  -112;   5.2; drag-outd-01; 1; 7; 125000; 26446
2023-07-23 17:08:38; hka-aqm-a103;  29.55;  34.69;   408;  1269;   110;    51;     1;     0;  -120;  -120;  -3.0; drag-lps8-08; 2; 7; 125000; 26447
2023-07-23 17:23:44; hka-aqm-a103;  29.55;  34.59;   404;  1291;   170;    80;     2;     0;  -122;  -122;  -2.8; drag-outd-01; 4; 7; 125000; 26448
2023-07-23 17:27:19; hka-aqm-a103;  29.52;  34.59;   404;  1249;   103;    48;     2;     0;  -116;  -116;  -1.0; drag-lps8-08; 6; 7; 125000; 26449
2023-07-23 17:27:38; hka-aqm-a103;  29.55;  34.62;   403;  1214;   164;    77;     0;     0;  -120;  -120;  -2.5; drag-lps8-08; 5; 7; 125000; 26450
2023-07-23 17:42:44; hka-aqm-a103;  29.56;  34.59;   404;  1336;   135;    63;     2;     0;  -122;  -122;  -2.5; drag-outd-01; 3; 7; 125000; 26451
2023-07-23 17:46:39; hka-aqm-a103;  29.57;  34.59;   402;  1360;    82;    37;     2;     0;  -114;  -114;   1.0; drag-lps8-08; 1; 7; 125000; 26452
2023-07-23 17:50:18; hka-aqm-a103;  29.54;  34.66;   407;  1283;   135;    63;     0;     0;  -119;  -119; nan; drag-lps8-08; 0; 7; 125000; 26453
2023-07-23 17:54:58; hka-aqm-a103;  29.55;  34.66;   409;  1316;   136;    65;     1;     0;  -115;  -115;   1.5; drag-lps8-08; 7; 7; 125000; 26454
2023-07-23 18:10:04; hka-aqm-a103;  29.51;  34.79;   402;  1227;   110;    49;     2;     0;  -118;  -118;  -2.8; drag-lps8-02; 0; 7; 125000; 26455
2023-07-23 18:25:11; hka-aqm-a103;  29.43;  34.96;   403;  1294;    78;    35;     2;     0;  -109;  -109;   3.0; drag-lps8-02; 4; 7; 125000; 26456
2023-07-23 18:40:19; hka-aqm-a103;  29.36;  35.06;   414;  1294;    67;    30;     2;     0;  -109;  -109;   4.0; drag-lps8-02; 2; 7; 125000; 26457
2023-07-23 18:55:26; hka-aqm-a103;  29.27;  35.09;   407;  1245;    48;    21;     2;     0;  -117;  -117;  -3.0; drag-lps8-02; 6; 7; 125000; 26458
2023-07-23 19:10:32; hka-aqm-a103;  29.18;  35.19;   399;  1280;    42;    17;     2;     0;  -120;  -120;  -1.8; drag-lps8-08; 7; 7; 125000; 26459
2023-07-23 19:25:40; hka-aqm-a103;  29.12;  35.22;   405;  1258;    46;    20;     2;     0;  -123;  -123;  -5.2; drag-lps8-08; 3; 7; 125000; 26460
2023-07-23 19:40:46; hka-aqm-a103;  29.05;  35.32;   405;  1272;    42;    18;     2;     0;  -122;  -122;  -3.5; drag-lps8-08; 5; 7; 125000; 26461
2023-07-23 19:55:52; hka-aqm-a103;  29.02;  35.32;   407;  1260;    31;    12;     1;     0;  -114;  -114;   0.8; drag-lps8-08; 1; 7; 125000; 26462
2023-07-23 20:11:00; hka-aqm-a103;  28.93;  35.49;   411;  1251;    20;     6;     2;     0;  -118;  -118;  -0.2; drag-lps8-08; 0; 7; 125000; 26463
2023-07-23 20:26:06; hka-aqm-a103;  28.88;  35.52;   399;  1211;    21;     8;     1;     0;  -118;  -118;  -1.5; drag-lps8-08; 1; 7; 125000; 26464
2023-07-23 20:41:12; hka-aqm-a103;  28.80;  35.69;   403;  1184;    14;     4;     2;     0;  -112;  -112;   0.8; drag-lps8-02; 7; 7; 125000; 26465
2023-07-23 20:56:18; hka-aqm-a103;  28.72;  35.79;   399;  1368;    11;     3;     2;     0;  -116;  -116;  -1.5; drag-lps8-02; 3; 7; 125000; 26466
2023-07-23 21:11:24; hka-aqm-a103;  28.68;  35.89;   399;  1294;     8;     1;     2;     1;  -119;  -119;  -2.0; drag-lps8-08; 2; 7; 125000; 26467
2023-07-23 21:26:31; hka-aqm-a103;  28.61;  35.99;   399;  1281;     8;     1;     2;     1;  -120;  -120;  -3.5; drag-lps8-08; 5; 7; 125000; 26468
2023-07-23 21:41:38; hka-aqm-a103;  28.56;  36.12;   402;  1325;     8;     1;     2;     1;  -120;  -120;  -2.5; drag-lps8-08; 6; 7; 125000; 26469
2023-07-23 21:56:45; hka-aqm-a103;  28.43;  36.25;   399;  1294;     8;     1;     2;     1;  -118;  -118;  -0.5; drag-outd-01; 4; 7; 125000; 26470
2023-07-23 22:11:51; hka-aqm-a103;  28.35;  36.35;   402;  1323;     8;     1;     2;     1;  -114;  -114;   0.8; drag-outd-01; 5; 7; 125000; 26471
2023-07-23 22:26:59; hka-aqm-a103;  28.30;  36.45;   399;  1309;     8;     1;     2;     1;  -113;  -113;   2.2; drag-lps8-02; 0; 7; 125000; 26472
2023-07-23 22:42:05; hka-aqm-a103;  28.24;  36.52;   406;  1261;     8;     1;     2;     1;  -112;  -112;   2.0; drag-lps8-02; 2; 7; 125000; 26473
2023-07-23 22:57:11; hka-aqm-a103;  28.15;  36.65;   404;  1329;     8;     1;     2;     1;  -108;  -108;   0.8; drag-outd-01; 1; 7; 125000; 26474
2023-07-23 23:12:19; hka-aqm-a103;  28.12;  36.69;   408;  1332;     8;     1;     2;     1;  -123;  -123;  -3.8; drag-lps8-08; 7; 7; 125000; 26475
2023-07-23 23:27:26; hka-aqm-a103;  28.05;  36.75;   406;  1332;     8;     1;     2;     1;  -126;  -126;  -7.0; drag-lps8-08; 3; 7; 125000; 26476
2023-07-23 23:42:32; hka-aqm-a103;  28.02;  36.79;   406;  1315;     8;     1;     2;     1;  -113;  -113;  -8.0; drag-outd-01; 6; 7; 125000; 26477
2023-07-23 23:57:38; hka-aqm-a103;  27.99;  36.85;   404;  1288;     8;     1;     2;     1;  -122;  -122;  -4.8; drag-lps8-08; 4; 7; 125000; 26478
