# Logfile LoRaWAN TTN/TTS V3 logger version hka-log V 1.1
date_time;device_id;tmp;hum;CO2;VOC;vis;IR;WIFI;BLE;rssi;channel_rssi;snr;gateway;channel_index;spreading_factor;bandwidth;f_cnt
2023-07-29 00:02:22; hka-aqm-a103;  23.81;  65.81;   422;  1231;     8;     1;     1;     1;  -112;  -112;   2.5; drag-lps8-02; 5; 7; 125000; 27302
2023-07-29 00:17:30; hka-aqm-a103;  23.82;  65.69;   424;  1231;     8;     1;     2;     1;  -122;  -122;  -3.8; drag-lps8-08; 4; 7; 125000; 27303
2023-07-29 00:32:36; hka-aqm-a103;  23.77;  65.66;   423;  1232;     8;     1;     2;     1;  -111;  -111;   4.8; drag-lps8-02; 0; 7; 125000; 27304
2023-07-29 00:47:42; hka-aqm-a103;  23.76;  65.54;   423;  1223;     8;     1;     2;     1;  -122;  -122;  -3.8; drag-lps8-08; 6; 7; 125000; 27305
2023-07-29 01:02:49; hka-aqm-a103;  23.72;  65.48;   423;  1230;     8;     1;     2;     1;  -112;  -112;   1.8; drag-lps8-02; 3; 7; 125000; 27306
2023-07-29 01:17:55; hka-aqm-a103;  23.71;  65.36;   426;  1215;     9;     2;     2;     1;  -109;  -109;   0.8; drag-lps8-02; 1; 7; 125000; 27307
2023-07-29 01:33:01; hka-aqm-a103;  23.68;  65.27;   433;  1204;     8;     1;     2;     1;  -122;  -122;  -3.8; drag-lps8-08; 2; 7; 125000; 27308
2023-07-29 01:48:09; hka-aqm-a103;  23.66;  65.21;   428;  1128;     8;     1;     2;     1;  -121;  -121;  -4.0; drag-lps8-08; 5; 7; 125000; 27309
2023-07-29 02:03:15; hka-aqm-a103;  23.68;  65.09;   429;  1217;     9;     2;     2;     1;  -111;  -111;   2.2; drag-lps8-02; 7; 7; 125000; 27310
2023-07-29 02:18:21; hka-aqm-a103;  23.64;  65.03;   428;  1210;     8;     1;     2;     1;  -120;  -120;  -3.8; drag-lps8-08; 2; 7; 125000; 27311
2023-07-29 02:33:29; hka-aqm-a103;  23.64;  64.91;   429;  1247;    11;     4;     2;     1;  -110;  -110;   2.5; drag-lps8-02; 7; 7; 125000; 27312
2023-07-29 02:48:35; hka-aqm-a103;  23.61;  64.84;   436;  1189;    11;     3;     2;     1;  -111;  -111; nan; drag-lps8-02; 5; 7; 125000; 27313
2023-07-29 03:03:41; hka-aqm-a103;  23.60;  64.81;   433;  1157;     8;     1;     2;     1;  -126;  -126;  -7.5; drag-outd-01; 3; 7; 125000; 27314
2023-07-29 03:18:48; hka-aqm-a103;  23.59;  64.72;   436;  1179;     8;     1;     2;     1;  -109;  -109;   4.2; drag-lps8-02; 1; 7; 125000; 27315
2023-07-29 03:33:55; hka-aqm-a103;  23.56;  64.66;   435;  1165;     8;     1;     2;     1;  -112;  -112;   4.2; drag-lps8-02; 0; 7; 125000; 27316
2023-07-29 03:49:01; hka-aqm-a103;  23.53;  64.57;   444;  1089;     8;     1;     2;     1;  -111;  -111;  -3.0; drag-outd-01; 6; 7; 125000; 27317
2023-07-29 04:04:09; hka-aqm-a103;  23.52;  64.48;   438;  1168;     8;     1;     2;     1;  -112;  -112;   3.2; drag-lps8-02; 4; 7; 125000; 27318
2023-07-29 04:19:15; hka-aqm-a103;  23.51;  64.42;   440;  1161;     8;     1;     2;     1;  -120;  -120;  -4.2; drag-lps8-08; 5; 7; 125000; 27319
2023-07-29 04:34:21; hka-aqm-a103;  23.50;  64.33;   445;  1150;    11;     3;     2;     1;  -109;  -109;   3.5; drag-outd-01; 1; 7; 125000; 27320
2023-07-29 04:49:28; hka-aqm-a103;  23.48;  64.24;   447;  1122;     8;     1;     2;     1;  -123;  -123;  -4.2; drag-lps8-08; 4; 7; 125000; 27321
2023-07-29 05:04:41; hka-aqm-a103;  23.46;  64.24;   454;  1184;     8;     1;     2;     1;  -110;  -110;   0.8; drag-outd-01; 2; 7; 125000; 27323
2023-07-29 05:19:47; hka-aqm-a103;  23.46;  64.15;   455;  1104;     8;     1;     2;     1;  -111;  -111;   3.5; drag-lps8-02; 7; 7; 125000; 27324
2023-07-29 05:34:54; hka-aqm-a103;  23.43;  64.12;   451;  1114;    11;     4;     2;     1;  -111;  -111;   1.8; drag-lps8-02; 3; 7; 125000; 27325
2023-07-29 05:50:00; hka-aqm-a103;  23.44;  64.02;   453;  1065;     8;     1;     2;     1;  -113;  -113;  -3.2; drag-outd-01; 6; 7; 125000; 27326
2023-07-29 06:05:09; hka-aqm-a103;  23.40;  63.99;   460;  1025;    10;     3;     2;     1;  -108;  -108;   5.5; drag-lps8-02; 0; 7; 125000; 27327
2023-07-29 06:20:15; hka-aqm-a103;  23.40;  63.99;   460;  1054;    12;     3;     2;     1;  -122;  -122;  -5.2; drag-lps8-08; 6; 7; 125000; 27328
2023-07-29 06:35:21; hka-aqm-a103;  23.40;  63.93;   460;  1092;    22;     9;     2;     1;  -108;  -108;   4.5; drag-lps8-02; 3; 7; 125000; 27329
2023-07-29 06:50:29; hka-aqm-a103;  23.40;  63.78;   459;  1151;    19;     6;     2;     1;  -106;  -106;   4.8; drag-lps8-02; 2; 7; 125000; 27330
2023-07-29 07:05:35; hka-aqm-a103;  23.39;  63.75;   462;  1041;    23;     8;     2;     1;  -107;  -107;   4.0; drag-lps8-02; 5; 7; 125000; 27331
2023-07-29 07:20:42; hka-aqm-a103;  23.42;  63.63;   467;  1070;    30;    12;     2;     1;  -120;  -120;  -1.5; drag-lps8-08; 7; 7; 125000; 27332
2023-07-29 07:35:48; hka-aqm-a103;  23.42;  63.63;   465;  1099;    32;    13;     2;     1;  -126;  -126;  -7.8; drag-outd-01; 4; 7; 125000; 27333
2023-07-29 07:50:54; hka-aqm-a103;  23.45;  63.45;   464;  1076;    35;    14;     2;     1;  -122;  -122;  -3.5; drag-outd-01; 1; 7; 125000; 27334
2023-07-29 08:06:00; hka-aqm-a103;  23.46;  63.42;   460;  1098;    19;     6;     2;     1;  -123;  -123;  -5.2; drag-outd-01; 5; 7; 125000; 27335
2023-07-29 08:21:09; hka-aqm-a103;  23.47;  63.39;   468;  1056;    48;    22;     2;     1;  -119;  -119;  -0.8; drag-lps8-08; 0; 7; 125000; 27336
2023-07-29 08:36:15; hka-aqm-a103;  23.51;  63.26;   469;  1009;    34;    14;     2;     1;  -120;  -120;  -3.5; drag-lps8-08; 6; 7; 125000; 27337
2023-07-29 08:51:21; hka-aqm-a103;  23.54;  63.17;   461;  1071;    36;    15;     2;     1;  -116;  -116;  -1.5; drag-outd-01; 1; 7; 125000; 27338
2023-07-29 09:06:29; hka-aqm-a103;  23.54;  63.08;   468;  1068;    50;    23;     2;     1;  -107;  -107;   5.2; drag-lps8-02; 4; 7; 125000; 27339
2023-07-29 09:21:35; hka-aqm-a103;  23.57;  62.99;   463;  1036;    69;    32;     2;     1;  -118;  -118;  -1.8; drag-lps8-08; 2; 7; 125000; 27340
2023-07-29 09:36:41; hka-aqm-a103;  23.64;  62.90;   468;  1065;   100;    48;     2;     1;  -118;  -118;  -2.0; drag-outd-01; 7; 7; 125000; 27341
2023-07-29 09:51:47; hka-aqm-a103;  23.66;  62.68;   463;  1133;    72;    34;     2;     1;  -126;  -126;  -5.8; drag-outd-01; 3; 7; 125000; 27342
2023-07-29 10:06:54; hka-aqm-a103;  23.69;  62.65;   461;  1055;    63;    30;     2;     1;  -106;  -106;   4.8; drag-lps8-02; 4; 7; 125000; 27343
2023-07-29 10:22:00; hka-aqm-a103;  23.73;  62.62;   459;  1048;    59;    26;     2;     1;  -114;  -114;   1.0; drag-lps8-08; 1; 7; 125000; 27344
2023-07-29 10:37:07; hka-aqm-a103;  23.78;  62.50;   459;  1069;    57;    25;     2;     1;  -109;  -109;   6.0; drag-lps8-02; 0; 7; 125000; 27345
2023-07-29 10:52:13; hka-aqm-a103;  23.79;  62.53;   460;  1031;    72;    33;     2;     1;  -115;  -115;   0.8; drag-lps8-08; 5; 7; 125000; 27346
2023-07-29 11:06:07; hka-aqm-a103;  23.84;  62.44;   457;  1101;   195;    97;     2;     1;  -119;  -119;  -1.2; drag-lps8-08; 3; 7; 125000; 27347
2023-07-29 11:10:08; hka-aqm-a103;  23.86;  62.41;   459;  1124;   331;   170;     1;     0;  -118;  -118;  -0.5; drag-lps8-08; 7; 7; 125000; 27348
2023-07-29 11:11:28; hka-aqm-a103;  23.89;  62.41;   454;  1088;   416;   218;     0;     0;  -120;  -120;  -2.2; drag-outd-01; 2; 7; 125000; 27349
2023-07-29 11:13:47; hka-aqm-a103;  23.92;  62.41;   457;   937;   412;   213;     1;     0;  -120;  -120;  -3.5; drag-lps8-08; 6; 7; 125000; 27350
2023-07-29 11:14:46; hka-aqm-a103;  23.91;  62.35;   460;  1009;   211;   106;     1;     0;  -118;  -118;  -0.5; drag-lps8-08; 4; 7; 125000; 27351
2023-07-29 11:15:07; hka-aqm-a103;  23.92;  62.35;   458;  1033;   359;   184;     0;     0;  -123;  -123;  -5.8; drag-outd-01; 7; 7; 125000; 27352
2023-07-29 11:15:47; hka-aqm-a103;  23.91;  62.29;   456;  1042;   227;   115;     1;     0;  -118;  -118;   0.2; drag-lps8-08; 6; 7; 125000; 27353
2023-07-29 11:16:27; hka-aqm-a103;  23.96;  62.29;   460;  1051;   375;   194;     1;     0;  -120;  -120;  -2.8; drag-lps8-08; 3; 7; 125000; 27354
2023-07-29 11:16:47; hka-aqm-a103;  23.93;  62.26;   458;  1073;   269;   137;     1;     0;  -108;  -108;   2.8; drag-lps8-02; 5; 7; 125000; 27355
2023-07-29 11:17:08; hka-aqm-a103;  23.93;  62.26;   457;  1083;   407;   211;     1;     0;  -109;  -109;   4.5; drag-lps8-02; 0; 7; 125000; 27356
2023-07-29 11:17:48; hka-aqm-a103;  23.93;  62.19;   456;  1086;   198;   101;     1;     0;  -120;  -120;  -2.8; drag-outd-01; 1; 7; 125000; 27357
2023-07-29 11:21:28; hka-aqm-a103;  23.92;  62.04;   459;   983;   348;   180;     1;     0;  -107;  -107;   4.0; drag-lps8-02; 2; 7; 125000; 27358
2023-07-29 11:21:47; hka-aqm-a103;  23.94;  62.01;   458;  1005;   181;    92;     0;     0;  -109;  -109;   4.8; drag-lps8-02; 0; 7; 125000; 27359
2023-07-29 11:24:47; hka-aqm-a103;  23.95;  61.89;   456;  1078;   290;   147;     0;     0;  -109;  -109;   5.0; drag-lps8-02; 6; 7; 125000; 27360
2023-07-29 11:27:08; hka-aqm-a103;  24.04;  61.83;   457;  1083;   243;   124;     1;     0;  -107;  -107;   4.5; drag-lps8-02; 5; 7; 125000; 27361
2023-07-29 11:28:07; hka-aqm-a103;  24.02;  61.83;   456;   986;   202;   102;     1;     0;  -120;  -120;  -2.8; drag-lps8-08; 2; 7; 125000; 27362
2023-07-29 11:28:28; hka-aqm-a103;  24.01;  61.80;   456;  1009;   142;    71;     1;     0;  -118;  -118;  -2.2; drag-lps8-08; 4; 7; 125000; 27363
2023-07-29 11:30:47; hka-aqm-a103;  24.03;  61.86;   455;  1068;   246;   124;     1;     0;  -120;  -120;  -2.8; drag-lps8-08; 7; 7; 125000; 27364
2023-07-29 11:31:47; hka-aqm-a103;  24.03;  61.86;   453;  1088;   202;   101;     1;     0;  -110;  -110;   1.5; drag-lps8-02; 3; 7; 125000; 27365
2023-07-29 11:32:08; hka-aqm-a103;  24.01;  61.83;   453;  1088;   263;   132;     1;     0;  -118;  -118;  -1.5; drag-lps8-08; 1; 7; 125000; 27366
2023-07-29 11:32:27; hka-aqm-a103;  24.02;  61.80;   453;  1078;   326;   165;     1;     0;  -120;  -120;  -2.8; drag-lps8-08; 2; 7; 125000; 27367
2023-07-29 11:32:47; hka-aqm-a103;  24.02;  61.77;   453;  1091;   178;    88;     1;     0;  -118;  -118;  -1.5; drag-lps8-08; 6; 7; 125000; 27368
2023-07-29 11:33:47; hka-aqm-a103;  24.05;  61.73;   455;  1077;   155;    77;     1;     0;  -108;  -108;   5.5; drag-lps8-02; 0; 7; 125000; 27369
2023-07-29 11:35:26; hka-aqm-a103;  24.07;  61.70;   459;  1052;   234;   115;     1;     0;  -120;  -120;  -2.2; drag-lps8-08; 1; 7; 125000; 27370
2023-07-29 11:35:48; hka-aqm-a103;  24.12;  61.70;   457;  1077;   175;    88;     1;     0;  -122;  -122;  -2.5; drag-lps8-08; 3; 7; 125000; 27371
2023-07-29 11:43:47; hka-aqm-a103;  24.14;  61.40;   455;  1107;   315;   162;     1;     0;  -121;  -121;  -4.2; drag-lps8-08; 5; 7; 125000; 27372
2023-07-29 11:44:26; hka-aqm-a103;  24.13;  61.37;   460;  1117;   259;   131;     0;     0;  -108;  -108;   4.0; drag-lps8-02; 4; 7; 125000; 27373
2023-07-29 11:44:46; hka-aqm-a103;  24.11;  61.40;   458;  1088;   349;   179;     0;     0;  -109;  -109;   4.8; drag-lps8-02; 7; 7; 125000; 27374
2023-07-29 11:45:07; hka-aqm-a103;  24.22;  61.31;   457;  1077;   184;    91;     0;     0;  -120;  -120;  -1.5; drag-lps8-08; 5; 7; 125000; 27375
2023-07-29 11:50:46; hka-aqm-a103;  24.20;  61.27;   465;  1041;   238;   119;     2;     0;  -111;  -111;   2.2; drag-lps8-02; 3; 7; 125000; 27376
2023-07-29 11:51:07; hka-aqm-a103;  24.22;  61.24;   462;  1102;   183;    90;     0;     0;  -108;  -108;   4.8; drag-lps8-02; 1; 7; 125000; 27377
2023-07-29 11:54:08; hka-aqm-a103;  24.25;  61.18;   457;  1094;   304;   154;     2;     0;  -124;  -124;  -4.5; drag-lps8-08; 7; 7; 125000; 27378
2023-07-29 11:55:07; hka-aqm-a103;  24.27;  61.15;   460;  1099;   175;    86;     1;     0;  -109;  -109;   4.8; drag-lps8-02; 4; 7; 125000; 27379
2023-07-29 12:10:13; hka-aqm-a103;  24.32;  60.91;   462;  1095;   117;    56;     1;     0;  -120;  -120;  -0.8; drag-lps8-08; 0; 7; 125000; 27380
2023-07-29 12:23:27; hka-aqm-a103;  24.39;  60.91;   456;  1077;   298;   150;     2;     0;  -106;  -106;   4.0; drag-lps8-02; 2; 7; 125000; 27381
2023-07-29 12:23:47; hka-aqm-a103;  24.38;  60.97;   455;   950;   173;    85;     2;     0;  -111;  -111;   2.5; drag-lps8-02; 6; 7; 125000; 27382
2023-07-29 12:24:47; hka-aqm-a103;  24.41;  60.94;   453;  1024;   283;   146;     1;     0;  -109;  -109;   4.2; drag-lps8-02; 4; 7; 125000; 27383
2023-07-29 12:25:47; hka-aqm-a103;  24.44;  60.87;   450;  1077;   240;   120;     1;     0;  -112;  -112;   3.2; drag-lps8-02; 6; 7; 125000; 27384
2023-07-29 12:26:27; hka-aqm-a103;  24.42;  60.87;   450;  1077;   341;   174;     0;     0;  -108;  -108;   5.0; drag-lps8-02; 0; 7; 125000; 27385
2023-07-29 12:31:06; hka-aqm-a103;  24.49;  60.84;   457;  1089;   293;   148;     1;     0;  -112;  -112;   4.8; drag-lps8-02; 7; 7; 125000; 27386
2023-07-29 12:31:27; hka-aqm-a103;  24.51;  60.78;   454;  1087;   402;   206;     0;     0;  -118;  -118;  -1.8; drag-lps8-08; 5; 7; 125000; 27387
2023-07-29 12:32:08; hka-aqm-a103;  24.48;  60.75;   451;  1080;   335;   171;     1;     0;  -109;  -109;   3.0; drag-lps8-02; 3; 7; 125000; 27388
2023-07-29 12:32:27; hka-aqm-a103;  24.46;  60.81;   450;  1082;   269;   135;     1;     0;  -119;  -119;  -1.2; drag-lps8-08; 1; 7; 125000; 27389
2023-07-29 12:33:08; hka-aqm-a103;  24.44;  60.81;   450;  1133;   181;    87;     1;     0;  -107;  -107;   4.8; drag-lps8-02; 2; 7; 125000; 27390
2023-07-29 12:33:27; hka-aqm-a103;  24.42;  60.75;   451;  1102;   287;   145;     0;     0;  -106;  -106;   4.8; drag-lps8-02; 6; 7; 125000; 27391
2023-07-29 12:34:06; hka-aqm-a103;  24.47;  60.75;   455;  1085;   393;   203;     0;     0;  -118;  -118;  -0.2; drag-lps8-08; 3; 7; 125000; 27392
2023-07-29 12:34:46; hka-aqm-a103;  24.49;  60.69;   453;  1086;   246;   121;     1;     0;  -116;  -116; nan; drag-lps8-08; 5; 7; 125000; 27393
2023-07-29 12:35:06; hka-aqm-a103;  24.48;  60.69;   453;  1098;   301;   152;     1;     0;  -110;  -110;   2.0; drag-outd-01; 1; 7; 125000; 27394
2023-07-29 12:36:08; hka-aqm-a103;  24.54;  60.69;   461;  1106;   356;   182;     2;     0;  -112;  -112;   4.8; drag-lps8-02; 7; 7; 125000; 27395
2023-07-29 12:39:07; hka-aqm-a103;  24.54;  60.60;   450;  1067;   172;    84;     2;     0;  -108;  -108;   2.8; drag-outd-01; 2; 7; 125000; 27396
2023-07-29 12:39:28; hka-aqm-a103;  24.53;  60.60;   450;  1072;   240;   121;     0;     0;  -118;  -118;   1.0; drag-lps8-08; 0; 7; 125000; 27397
2023-07-29 12:39:47; hka-aqm-a103;  24.52;  60.60;   451;  1069;   180;    89;     0;     0;  -116;  -116;  -2.5; drag-outd-01; 4; 7; 125000; 27398
2023-07-29 12:41:46; hka-aqm-a103;  24.48;  60.60;   455;  1043;   279;   139;     1;     0;  -112;  -112;   3.8; drag-lps8-02; 0; 7; 125000; 27399
2023-07-29 12:42:07; hka-aqm-a103;  24.57;  60.60;   454;  1075;   158;    77;     0;     0;  -123;  -123;  -5.0; drag-outd-01; 3; 7; 125000; 27400
2023-07-29 12:42:27; hka-aqm-a103;  24.58;  60.60;   452;   946;   356;   183;     0;     0;  -111;  -111;   3.2; drag-lps8-02; 6; 7; 125000; 27401
2023-07-29 12:42:48; hka-aqm-a103;  24.56;  60.57;   452;   973;   271;   136;     0;     0;  -120;  -120;  -2.5; drag-lps8-08; 4; 7; 125000; 27402
2023-07-29 12:43:26; hka-aqm-a103;  24.58;  60.51;   456;   994;   340;   173;     0;     0;  -109;  -109; nan; drag-outd-01; 2; 7; 125000; 27403
2023-07-29 12:44:47; hka-aqm-a103;  24.66;  60.51;   454;  1080;   371;   191;     0;     0;  -119;  -119;  -6.8; drag-outd-01; 7; 7; 125000; 27404
2023-07-29 12:46:27; hka-aqm-a103;  24.65;  60.47;   451;  1064;   266;   135;     1;     0;  -108;  -108;   1.0; drag-lps8-02; 5; 7; 125000; 27405
2023-07-29 12:46:47; hka-aqm-a103;  24.66;  60.44;   450;  1047;   195;    96;     1;     0;  -106;  -106;   4.8; drag-lps8-02; 1; 7; 125000; 27406
2023-07-29 12:47:08; hka-aqm-a103;  24.65;  60.47;   449;  1058;   386;   199;     0;     0;  -108;  -108;   4.2; drag-lps8-02; 4; 7; 125000; 27407
2023-07-29 12:47:47; hka-aqm-a103;  24.72;  60.47;   452;  1075;   227;   112;     1;     0;  -114;  -114;  -1.8; drag-outd-01; 7; 7; 125000; 27408
2023-07-29 12:48:07; hka-aqm-a103;  24.66;  60.41;   450;   992;   130;    62;     0;     0;  -111;  -111;   1.8; drag-lps8-02; 5; 7; 125000; 27409
2023-07-29 12:49:07; hka-aqm-a103;  24.66;  60.51;   449;  1028;   237;   120;     0;     0;  -126;  -126;  -7.2; drag-lps8-08; 1; 7; 125000; 27410
2023-07-29 12:49:27; hka-aqm-a103;  24.70;  60.51;   449;  1045;   323;   164;     0;     0;  -110;  -110;   4.8; drag-lps8-02; 0; 7; 125000; 27411
2023-07-29 12:49:47; hka-aqm-a103;  24.65;  60.54;   449;  1068;   233;   118;     0;     0;  -124;  -124;  -4.8; drag-lps8-08; 3; 7; 125000; 27412
2023-07-29 12:50:07; hka-aqm-a103;  24.67;  60.44;   449;  1086;   163;    80;     0;     0;  -112;  -112;  -1.0; drag-outd-01; 2; 7; 125000; 27413
2023-07-29 12:52:26; hka-aqm-a103;  24.65;  60.41;   457;  1079;   309;   156;     1;     0;  -108;  -108;   3.5; drag-lps8-02; 6; 7; 125000; 27414
2023-07-29 12:53:28; hka-aqm-a103;  24.67;  60.44;   452;  1081;   322;   165;     1;     0;  -122;  -122;  -2.5; drag-lps8-08; 4; 7; 125000; 27415
2023-07-29 12:53:47; hka-aqm-a103;  24.71;  60.44;   451;  1031;   156;    76;     0;     0;  -112;  -112;   1.8; drag-lps8-02; 3; 7; 125000; 27416
2023-07-29 12:54:28; hka-aqm-a103;  24.70;  60.38;   450;  1076;   277;   140;     1;     0;  -110;  -110;   1.8; drag-outd-01; 0; 7; 125000; 27417
2023-07-29 12:54:47; hka-aqm-a103;  24.70;  60.35;   450;  1062;   179;    90;     0;     0;  -120;  -120;  -3.2; drag-lps8-08; 5; 7; 125000; 27418
2023-07-29 12:55:28; hka-aqm-a103;  24.70;  60.32;   450;  1081;   363;   185;     1;     0;  -114;  -114;  -3.0; drag-outd-01; 7; 7; 125000; 27419
2023-07-29 12:56:27; hka-aqm-a103;  24.72;  60.32;   448;  1071;   267;   132;     1;     0;  -120;  -120;  -1.5; drag-lps8-08; 6; 7; 125000; 27420
2023-07-29 12:57:28; hka-aqm-a103;  24.74;  60.38;   456;  1095;   374;   191;     1;     0;  -107;  -107;   4.0; drag-lps8-02; 2; 7; 125000; 27421
2023-07-29 13:04:27; hka-aqm-a103;  24.82;  60.17;   450;  1062;   188;    92;     1;     0;  -112;  -112; nan; drag-outd-01; 1; 7; 125000; 27422
2023-07-29 13:07:27; hka-aqm-a103;  24.85;  60.20;   448;  1066;   363;   184;     1;     0;  -103;  -103;   0.2; drag-lps8-02; 3; 7; 125000; 27423
2023-07-29 13:07:48; hka-aqm-a103;  24.86;  60.17;   447;  1058;   185;    90;     1;     0;  -111;  -111;   3.5; drag-lps8-02; 2; 7; 125000; 27424
2023-07-29 13:18:07; hka-aqm-a103;  24.91;  59.89;   447;  1062;   254;   127;     2;     0;  -111;  -111;   2.8; drag-lps8-02; 5; 7; 125000; 27425
2023-07-29 13:18:47; hka-aqm-a103;  24.98;  60.01;   451;  1041;   400;   205;     2;     0;  -112;  -112;  -4.8; drag-outd-01; 6; 7; 125000; 27426
2023-07-29 13:20:07; hka-aqm-a103;  25.00;  60.01;   454;  1085;   286;   142;     2;     0;  -114;  -114;  -1.0; drag-outd-01; 1; 7; 125000; 27427
2023-07-29 13:21:07; hka-aqm-a103;  24.92;  59.95;   452;  1076;   190;    93;     1;     0;  -111;  -111;   4.8; drag-lps8-02; 0; 7; 125000; 27428
2023-07-29 13:24:27; hka-aqm-a103;  24.97;  59.98;   448;  1051;   387;   199;     2;     0;  -126;  -126;  -6.0; drag-lps8-08; 7; 7; 125000; 27429
2023-07-29 13:25:27; hka-aqm-a103;  24.96;  59.89;   444;   938;   247;   125;     1;     0;  -114;  -114;  -2.5; drag-outd-01; 4; 7; 125000; 27430
2023-07-29 13:25:48; hka-aqm-a103;  24.97;  59.92;   444;   958;   171;    84;     0;     0;  -109;  -109;   3.0; drag-lps8-02; 2; 7; 125000; 27431
2023-07-29 13:26:47; hka-aqm-a103;  24.98;  59.86;   445;  1047;   331;   169;     1;     0;  -107;  -107;   4.8; drag-lps8-02; 4; 7; 125000; 27432
2023-07-29 13:27:28; hka-aqm-a103;  25.00;  59.86;   444;  1073;   249;   125;     1;     0;  -111;  -111;   1.2; drag-outd-01; 0; 7; 125000; 27433
2023-07-29 13:28:07; hka-aqm-a103;  24.99;  59.80;   445;  1046;   179;    88;     1;     0;  -119;  -119;  -2.0; drag-lps8-08; 5; 7; 125000; 27434
2023-07-29 13:41:28; hka-aqm-a103;  24.98;  59.70;   445;  1063;   160;    79;     2;     1;  -112;  -112;  -1.2; drag-outd-01; 1; 7; 125000; 27435
2023-07-29 13:46:48; hka-aqm-a103;  24.98;  59.70;   441;  1052;   244;   123;     1;     0;  -119;  -119;  -2.0; drag-lps8-08; 6; 7; 125000; 27436
2023-07-29 13:47:26; hka-aqm-a103;  25.01;  59.77;   445;  1039;   141;    69;     1;     0;  -110;  -110;   1.2; drag-lps8-02; 3; 7; 125000; 27437
2023-07-29 13:52:27; hka-aqm-a103;  25.06;  59.80;   443;  1084;   363;   186;     2;     0;  -113;  -113;   1.8; drag-lps8-02; 7; 7; 125000; 27438
2023-07-29 13:53:07; hka-aqm-a103;  25.05;  59.74;   441;  1067;   225;   113;     0;     0;  -119;  -119;  -0.8; drag-lps8-08; 4; 7; 125000; 27439
2023-07-29 13:56:46; hka-aqm-a103;  25.10;  59.74;   443;  1060;   258;   130;     1;     0;  -111;  -111;   4.0; drag-lps8-02; 0; 7; 125000; 27440
2023-07-29 13:57:06; hka-aqm-a103;  25.11;  59.70;   442;  1035;   145;    71;     0;     0;  -114;  -114;   1.5; drag-lps8-08; 5; 7; 125000; 27441
2023-07-29 13:58:28; hka-aqm-a103;  25.06;  59.67;   441;  1057;   319;   164;     0;     0;  -110;  -110;  -3.2; drag-outd-01; 6; 7; 125000; 27442
2023-07-29 13:58:48; hka-aqm-a103;  25.06;  59.64;   441;  1051;   171;    84;     0;     0;  -108;  -108;   3.5; drag-outd-01; 1; 7; 125000; 27443
2023-07-29 14:00:07; hka-aqm-a103;  25.08;  59.70;   446;  1103;   308;   157;     1;     0;  -111;  -111;   1.2; drag-lps8-02; 3; 7; 125000; 27444
2023-07-29 14:04:48; hka-aqm-a103;  25.13;  59.64;   438;  1035;   249;   125;     1;     0;  -107;  -107;   4.5; drag-lps8-02; 2; 7; 125000; 27445
2023-07-29 14:05:07; hka-aqm-a103;  25.11;  59.61;   438;  1025;   313;   159;     1;     0;  -109;  -109;  -1.0; drag-outd-01; 7; 7; 125000; 27446
2023-07-29 14:12:07; hka-aqm-a103;  25.21;  59.52;   440;  1036;   205;   103;     1;     0;  -120;  -120;  -2.5; drag-lps8-08; 3; 7; 125000; 27447
2023-07-29 14:12:27; hka-aqm-a103;  25.19;  59.52;   438;  1079;   273;   137;     1;     0;  -119;  -119;  -2.2; drag-lps8-02; 0; 7; 125000; 27448
2023-07-29 14:21:48; hka-aqm-a103;  25.25;  59.40;   439;  1022;   238;   118;     1;     0;  -124;  -124;  -5.5; drag-lps8-08; 4; 7; 125000; 27449
2023-07-29 14:22:26; hka-aqm-a103;  25.26;  59.40;   441;   949;   324;   164;     1;     0;  -111;  -111;  -1.2; drag-outd-01; 2; 7; 125000; 27450
2023-07-29 14:23:47; hka-aqm-a103;  25.26;  59.46;   441;   956;   333;   170;     1;     0;  -119;  -119;  -3.8; drag-lps8-02; 6; 7; 125000; 27451
2023-07-29 14:25:06; hka-aqm-a103;  25.27;  59.40;   442;  1012;   267;   134;     1;     0;  -108;  -108;   5.2; drag-lps8-02; 1; 7; 125000; 27452
2023-07-29 14:26:08; hka-aqm-a103;  25.29;  59.40;   438;  1019;   155;    75;     1;     0;  -120;  -120;  -1.5; drag-lps8-08; 5; 7; 125000; 27453
2023-07-29 14:26:47; hka-aqm-a103;  25.28;  59.40;   437;  1004;   342;   173;     1;     0;  -126;  -126;  -5.5; drag-lps8-08; 7; 7; 125000; 27454
2023-07-29 14:29:27; hka-aqm-a103;  25.32;  59.27;   435;  1052;   226;   114;     2;     0;  -118;  -118;  -0.2; drag-lps8-08; 4; 7; 125000; 27455
2023-07-29 14:29:47; hka-aqm-a103;  25.34;  59.27;   435;  1033;   311;   157;     0;     0;  -107;  -107;   2.2; drag-outd-01; 0; 7; 125000; 27456
2023-07-29 14:32:08; hka-aqm-a103;  25.40;  59.27;   439;   927;   192;    94;     1;     0;  -122;  -122;  -5.0; drag-lps8-08; 3; 7; 125000; 27457
2023-07-29 14:34:06; hka-aqm-a103;  25.39;  59.15;   440;  1014;   337;   171;     0;     0;  -107;  -107;   5.8; drag-lps8-02; 1; 7; 125000; 27458
2023-07-29 14:34:27; hka-aqm-a103;  25.39;  59.15;   438;  1019;   238;   118;     0;     0;  -109;  -109;   3.8; drag-lps8-02; 6; 7; 125000; 27459
2023-07-29 14:34:48; hka-aqm-a103;  25.37;  59.15;   436;  1066;   333;   171;     1;     0;  -116;  -116;  -1.2; drag-lps8-08; 2; 7; 125000; 27460
2023-07-29 14:35:28; hka-aqm-a103;  25.38;  59.15;   434;  1039;   135;    65;     1;     0;  -111;  -111;  -3.2; drag-outd-01; 5; 7; 125000; 27461
2023-07-29 14:36:26; hka-aqm-a103;  25.37;  59.12;   436;  1012;   295;   150;     1;     0;  -116;  -116;  -5.8; drag-outd-01; 7; 7; 125000; 27462
2023-07-29 14:36:47; hka-aqm-a103;  25.42;  59.18;   434;  1013;   139;    67;     0;     0;  -122;  -122;  -6.8; drag-outd-01; 4; 7; 125000; 27463
2023-07-29 14:39:07; hka-aqm-a103;  25.44;  59.09;   435;  1037;   243;   121;     1;     0;  -111;  -111;   5.2; drag-lps8-02; 0; 7; 125000; 27464
2023-07-29 14:39:27; hka-aqm-a103;  25.41;  59.12;   435;  1025;   123;    59;     0;     0;  -112;  -112;  -5.5; drag-outd-01; 6; 7; 125000; 27465
2023-07-29 14:40:48; hka-aqm-a103;  25.42;  59.06;   437;  1022;   199;    98;     2;     0;  -109;  -109;   5.0; drag-lps8-02; 1; 7; 125000; 27466
2023-07-29 14:41:08; hka-aqm-a103;  25.39;  59.02;   436;  1022;   124;    59;     0;     0;  -110;  -110;  -1.8; drag-outd-01; 7; 7; 125000; 27467
2023-07-29 14:43:47; hka-aqm-a103;  25.40;  58.99;   438;  1064;   237;   118;     1;     0;  -120;  -120;  -2.8; drag-outd-01; 3; 7; 125000; 27468
2023-07-29 14:45:07; hka-aqm-a103;  25.47;  58.96;   439;   978;   142;    69;     1;     0;  -112;  -112;   2.5; drag-lps8-02; 5; 7; 125000; 27469
2023-07-29 14:45:27; hka-aqm-a103;  25.46;  58.93;   437;   990;   252;   125;     2;     0;  -127;  -127;  -8.2; drag-lps8-08; 2; 7; 125000; 27470
2023-07-29 14:46:27; hka-aqm-a103;  25.50;  58.93;   438;   989;   166;    82;     2;     0;  -122;  -122;  -2.8; drag-lps8-08; 7; 7; 125000; 27471
2023-07-29 14:46:47; hka-aqm-a103;  25.49;  58.87;   437;  1002;   318;   161;     0;     0;  -109;  -109;   3.5; drag-lps8-02; 6; 7; 125000; 27472
2023-07-29 14:47:07; hka-aqm-a103;  25.47;  58.84;   436;  1002;   168;    81;     0;     0;  -113;  -113;  -0.8; drag-outd-01; 2; 7; 125000; 27473
2023-07-29 14:47:48; hka-aqm-a103;  25.48;  58.84;   435;  1023;   285;   145;     1;     0;  -116;  -116;  -4.8; drag-outd-01; 5; 7; 125000; 27474
2023-07-29 14:50:27; hka-aqm-a103;  25.47;  58.84;   434;  1032;   129;    62;     2;     0;  -112;  -112;   4.5; drag-lps8-02; 0; 7; 125000; 27475
2023-07-29 14:51:47; hka-aqm-a103;  25.45;  58.81;   433;   955;   326;   167;     2;     0;  -114;  -114;   1.8; drag-lps8-08; 4; 7; 125000; 27476
2023-07-29 14:53:47; hka-aqm-a103;  25.50;  58.78;   433;   999;   131;    62;     1;     0;  -124;  -124;  -7.5; drag-outd-01; 3; 7; 125000; 27477
2023-07-29 14:54:27; hka-aqm-a103;  25.49;  58.62;   433;  1005;   240;   120;     0;     0;  -107;  -107;   2.5; drag-outd-01; 1; 7; 125000; 27478
2023-07-29 14:55:26; hka-aqm-a103;  25.53;  58.71;   441;  1005;   189;    94;     0;     0;  -112;  -112;   5.5; drag-outd-01; 7; 7; 125000; 27479
2023-07-29 14:56:46; hka-aqm-a103;  25.49;  58.65;   440;  1016;   231;   114;     0;     0;  -120;  -120;  -1.8; drag-lps8-08; 3; 7; 125000; 27480
2023-07-29 14:57:46; hka-aqm-a103;  25.54;  58.68;   441;  1019;   117;    56;     1;     0;  -126;  -126;  -7.5; drag-lps8-08; 4; 7; 125000; 27481
2023-07-29 14:58:07; hka-aqm-a103;  25.53;  58.68;   439;  1013;   233;   116;     0;     0;  -120;  -120;  -3.0; drag-lps8-08; 1; 7; 125000; 27482
2023-07-29 14:59:07; hka-aqm-a103;  25.58;  58.65;   439;  1043;   178;    86;     1;     0;  -112;  -112;   4.2; drag-lps8-02; 0; 7; 125000; 27483
2023-07-29 15:00:06; hka-aqm-a103;  25.59;  58.56;   440;  1027;   260;   129;     1;     0;  -108;  -108;  -1.5; drag-outd-01; 6; 7; 125000; 27484
2023-07-29 15:01:28; hka-aqm-a103;  25.62;  58.59;   435;   984;   163;    79;     1;     0;  -116;  -116;  -6.5; drag-outd-01; 5; 7; 125000; 27485
2023-07-29 15:16:34; hka-aqm-a103;  25.71;  58.25;   432;  1051;   266;   132;     1;     0;  -112;  -112;  -0.5; drag-outd-01; 2; 7; 125000; 27486
2023-07-29 15:23:27; hka-aqm-a103;  25.74;  58.09;   431;   918;   128;    60;     2;     0;  -111;  -111;   4.0; drag-lps8-02; 0; 7; 125000; 27487
2023-07-29 15:26:46; hka-aqm-a103;  25.81;  57.91;   433;  1018;   180;    87;     1;     0;  -122;  -122;  -2.5; drag-lps8-08; 4; 7; 125000; 27488
2023-07-29 15:27:06; hka-aqm-a103;  25.82;  57.97;   432;  1034;   270;   134;     0;     0;  -122;  -122;  -4.0; drag-lps8-08; 3; 7; 125000; 27489
2023-07-29 15:28:08; hka-aqm-a103;  25.85;  57.91;   431;  1030;   177;    86;     1;     0;  -109;  -109;   3.8; drag-lps8-02; 6; 7; 125000; 27490
2023-07-29 15:28:47; hka-aqm-a103;  25.79;  57.94;   430;  1017;   258;   128;     1;     0;  -108;  -108;   4.5; drag-lps8-02; 1; 7; 125000; 27491
2023-07-29 15:29:47; hka-aqm-a103;  25.85;  57.94;   432;  1021;   117;    55;     1;     0;  -114;  -114;  -5.0; drag-outd-01; 5; 7; 125000; 27492
2023-07-29 15:30:48; hka-aqm-a103;  25.88;  57.85;   435;  1016;   229;   113;     1;     0;  -110;  -110;  -2.2; drag-outd-01; 7; 7; 125000; 27493
2023-07-29 15:32:27; hka-aqm-a103;  25.87;  57.78;   432;  1042;    99;    46;     1;     0;  -122;  -122;  -4.2; drag-lps8-08; 2; 7; 125000; 27494
2023-07-29 15:32:48; hka-aqm-a103;  25.87;  57.85;   432;  1046;   180;    87;     1;     0;  -108;  -108;   4.0; drag-lps8-02; 1; 7; 125000; 27495
2023-07-29 15:33:28; hka-aqm-a103;  25.90;  57.82;   431;  1047;    90;    40;     1;     0;  -114;  -114;  -4.8; drag-outd-01; 5; 7; 125000; 27496
2023-07-29 15:33:47; hka-aqm-a103;  25.90;  57.75;   431;  1040;   170;    84;     1;     0;  -124;  -124;  -4.8; drag-lps8-08; 3; 7; 125000; 27497
2023-07-29 15:35:07; hka-aqm-a103;  25.92;  57.72;   430;  1022;    92;    42;     1;     0;  -117;  -117;  -0.2; drag-lps8-08; 4; 7; 125000; 27498
2023-07-29 15:36:27; hka-aqm-a103;  25.95;  57.75;   431;  1002;   254;   125;     1;     0;  -109;  -109;   4.0; drag-lps8-02; 7; 7; 125000; 27499
2023-07-29 15:37:28; hka-aqm-a103;  25.94;  57.69;   433;  1027;   287;   143;     0;     0;  -114;  -114;  -1.5; drag-outd-01; 0; 7; 125000; 27500
2023-07-29 15:38:26; hka-aqm-a103;  25.95;  57.69;   434;  1049;   111;    51;     0;     0;  -105;  -105;   3.2; drag-lps8-02; 6; 7; 125000; 27501
2023-07-29 15:38:47; hka-aqm-a103;  25.98;  57.69;   433;  1032;   251;   124;     0;     0;  -109;  -109;   3.5; drag-lps8-02; 2; 7; 125000; 27502
2023-07-29 15:53:53; hka-aqm-a103;  26.14;  57.22;   433;  1066;   205;   101;     2;     0;  -122;  -122;  -4.5; drag-lps8-08; 1; 7; 125000; 27503
2023-07-29 16:08:59; hka-aqm-a103;  26.36;  56.76;   428;   904;   208;   102;     2;     0;  -120;  -120;  -3.8; drag-outd-01; 3; 7; 125000; 27504
2023-07-29 16:14:06; hka-aqm-a103;  26.40;  56.60;   431;   994;   153;    72;     2;     0;  -110;  -110;   4.0; drag-lps8-02; 0; 7; 125000; 27505
2023-07-29 16:14:26; hka-aqm-a103;  26.43;  56.57;   429;   992;    91;    40;     0;     0;  -111;  -111;   2.8; drag-lps8-02; 6; 7; 125000; 27506
2023-07-29 16:14:47; hka-aqm-a103;  26.40;  56.60;   429;  1005;   220;   109;     1;     0;  -116;  -116;  -8.0; drag-outd-01; 5; 7; 125000; 27507
2023-07-29 16:19:46; hka-aqm-a103;  26.47;  56.48;   438;  1068;    94;    43;     2;     0;  -110;  -110;  -2.5; drag-outd-01; 7; 7; 125000; 27508
2023-07-29 16:20:07; hka-aqm-a103;  26.50;  56.45;   435;  1050;   226;   110;     1;     0;  -126;  -126;  -6.8; drag-lps8-08; 2; 7; 125000; 27509
2023-07-29 16:21:06; hka-aqm-a103;  26.50;  56.41;   435;  1042;   117;    54;     1;     0;  -112;  -112;   1.0; drag-lps8-02; 4; 7; 125000; 27510
2023-07-29 16:24:28; hka-aqm-a103;  26.52;  56.29;   430;  1039;   169;    81;     1;     0;  -111;  -111;   2.0; drag-lps8-02; 6; 7; 125000; 27511
2023-07-29 16:24:48; hka-aqm-a103;  26.49;  56.29;   429;  1050;   240;   118;     0;     0;  -113;  -113;   3.2; drag-lps8-02; 7; 7; 125000; 27512
2023-07-29 16:29:27; hka-aqm-a103;  26.62;  56.26;   431;  1029;   107;    49;     1;     0;  -109;  -109;   6.2; drag-outd-01; 1; 7; 125000; 27513
2023-07-29 16:36:08; hka-aqm-a103;  26.60;  56.16;   430;  1054;   197;    98;     1;     0;  -108;  -108;   3.2; drag-outd-01; 0; 7; 125000; 27514
2023-07-29 16:37:28; hka-aqm-a103;  26.60;  56.16;   431;  1042;   111;    53;     1;     0;  -113;  -113;  -2.2; drag-lps8-02; 5; 7; 125000; 27515
2023-07-29 16:46:47; hka-aqm-a103;  26.60;  56.13;   426;   995;    93;    42;     1;     0;  -110;  -110;   0.8; drag-lps8-02; 3; 7; 125000; 27516
2023-07-29 16:47:07; hka-aqm-a103;  26.61;  56.16;   426;  1029;   185;    88;     0;     0;  -112;  -112;   2.2; drag-lps8-02; 4; 7; 125000; 27517
2023-07-29 16:48:07; hka-aqm-a103;  26.60;  56.13;   426;  1029;    88;    40;     1;     0;  -109;  -109;   4.5; drag-lps8-02; 2; 7; 125000; 27518
2023-07-29 16:50:08; hka-aqm-a103;  26.62;  56.07;   425;  1006;   198;    95;     1;     0;  -111;  -111;   1.2; drag-lps8-02; 3; 7; 125000; 27519
2023-07-29 16:51:26; hka-aqm-a103;  26.64;  56.04;   427;  1066;   118;    56;     1;     0;  -112;  -112;   2.2; drag-lps8-02; 5; 7; 125000; 27520
2023-07-29 16:52:27; hka-aqm-a103;  26.63;  56.07;   426;  1049;   203;    99;     1;     0;  -123;  -123;  -5.0; drag-lps8-08; 7; 7; 125000; 27521
2023-07-29 16:53:28; hka-aqm-a103;  26.63;  56.04;   428;  1054;   124;    59;     1;     0;  -122;  -122;  -3.5; drag-lps8-08; 0; 7; 125000; 27522
2023-07-29 16:55:27; hka-aqm-a103;  26.62;  55.98;   427;  1029;   161;    75;     1;     0;  -118;  -118;  -0.5; drag-lps8-08; 6; 7; 125000; 27524
2023-07-29 16:56:28; hka-aqm-a103;  26.64;  55.95;   428;   992;   111;    52;     1;     0;  -109;  -109;   4.2; drag-lps8-02; 2; 7; 125000; 27525
2023-07-29 16:56:47; hka-aqm-a103;  26.65;  55.95;   427;  1010;   166;    79;     1;     0;  -122;  -122;  -2.8; drag-lps8-08; 4; 7; 125000; 27526
2023-07-29 17:11:53; hka-aqm-a103;  26.73;  55.85;   426;  1030;   113;    52;     1;     0;  -105;  -105;   2.2; drag-outd-01; 1; 7; 125000; 27527
2023-07-29 17:27:00; hka-aqm-a103;  26.74;  55.73;   423;   998;   101;    45;     2;     0;  -108;  -108;   2.8; drag-lps8-02; 5; 7; 125000; 27528
2023-07-29 17:42:08; hka-aqm-a103;  26.68;  55.82;   423;  1018;    88;    39;     2;     0;  -126;  -126;  -7.2; drag-lps8-08; 2; 7; 125000; 27529
2023-07-29 17:57:14; hka-aqm-a103;  26.59;  56.01;   421;  1018;    94;    41;     2;     0;  -109;  -109;   4.2; drag-lps8-02; 4; 7; 125000; 27530
2023-07-29 18:12:20; hka-aqm-a103;  26.52;  56.20;   420;  1002;   104;    47;     2;     0;  -111;  -111;  -0.2; drag-lps8-02; 3; 7; 125000; 27531
2023-07-29 18:27:28; hka-aqm-a103;  26.41;  56.32;   424;  1001;    52;    22;     2;     0;  -110;  -110;   2.0; drag-lps8-02; 6; 7; 125000; 27532
2023-07-29 18:42:34; hka-aqm-a103;  26.36;  56.48;   420;   991;    64;    30;     2;     0;  -117;  -117;  -6.2; drag-outd-01; 7; 7; 125000; 27533
2023-07-29 18:57:41; hka-aqm-a103;  26.26;  56.70;   420;   973;    66;    30;     1;     0;  -112;  -112;   2.0; drag-lps8-02; 0; 7; 125000; 27534
2023-07-29 19:12:47; hka-aqm-a103;  26.17;  56.76;   414;   951;    38;    17;     2;     0;  -113;  -113;   0.8; drag-lps8-02; 3; 7; 125000; 27535
2023-07-29 19:27:53; hka-aqm-a103;  26.10;  56.82;   418;   989;    29;    11;     2;     0;  -115;  -115;  -6.0; drag-outd-01; 5; 7; 125000; 27536
2023-07-29 19:43:00; hka-aqm-a103;  26.01;  56.94;   416;   977;    17;     5;     2;     0;  -108;  -108;   5.5; drag-lps8-02; 1; 7; 125000; 27537
2023-07-29 19:58:07; hka-aqm-a103;  25.95;  57.10;   415;   971;    17;     5;     2;     0;  -109;  -109;   4.5; drag-lps8-02; 6; 7; 125000; 27538
2023-07-29 20:13:14; hka-aqm-a103;  25.86;  57.22;   417;   994;    17;     6;     2;     0;  -112;  -112;   2.0; drag-outd-01; 0; 7; 125000; 27539
2023-07-29 20:28:20; hka-aqm-a103;  25.77;  57.38;   416;   999;    13;     3;     1;     0;  -107;  -107;   4.8; drag-lps8-02; 2; 7; 125000; 27540
2023-07-29 20:43:28; hka-aqm-a103;  25.71;  57.50;   416;   960;    10;     2;     2;     0;  -126;  -126;  -6.2; drag-lps8-08; 7; 7; 125000; 27541
2023-07-29 20:58:34; hka-aqm-a103;  25.60;  57.57;   420;  1014;     9;     1;     2;     0;  -121;  -121;  -4.2; drag-lps8-08; 4; 7; 125000; 27542
2023-07-29 21:13:40; hka-aqm-a103;  25.56;  57.75;   414;   968;     8;     1;     2;     0;  -110;  -110;   4.2; drag-lps8-02; 0; 7; 125000; 27543
2023-07-29 21:28:47; hka-aqm-a103;  25.49;  57.85;   414;   978;     8;     1;     2;     0;  -123;  -123;  -4.2; drag-lps8-08; 7; 7; 125000; 27544
2023-07-29 21:43:54; hka-aqm-a103;  25.43;  57.94;   414;   981;     8;     1;     2;     0;  -124;  -124;  -5.5; drag-lps8-08; 4; 7; 125000; 27545
2023-07-29 21:59:00; hka-aqm-a103;  25.36;  57.85;   420;  1007;     8;     1;     1;     0;  -119;  -119;  -1.0; drag-lps8-08; 2; 7; 125000; 27546
2023-07-29 22:14:06; hka-aqm-a103;  25.26;  58.09;   409;   944;     8;     1;     2;     0;  -108;  -108;   3.2; drag-lps8-02; 1; 7; 125000; 27547
2023-07-29 22:29:12; hka-aqm-a103;  25.20;  58.28;   423;   922;     8;     1;     2;     0;  -113;  -113;  -0.8; drag-lps8-02; 5; 7; 125000; 27548
2023-07-29 22:44:19; hka-aqm-a103;  25.12;  58.31;   410;  1019;     8;     1;     2;     0;  -127;  -127;  -7.0; drag-lps8-08; 3; 7; 125000; 27549
2023-07-29 22:59:27; hka-aqm-a103;  25.05;  58.53;   411;   932;     8;     1;     2;     0;  -111;  -111;  -3.0; drag-outd-01; 6; 7; 125000; 27550
2023-07-29 23:14:33; hka-aqm-a103;  25.00;  58.59;   411;   959;     8;     1;     2;     0;  -125;  -125;  -5.8; drag-lps8-08; 1; 7; 125000; 27551
2023-07-29 23:29:39; hka-aqm-a103;  24.96;  58.81;   415;  1026;     8;     1;     1;     0;  -124;  -124;  -5.5; drag-lps8-08; 2; 7; 125000; 27552
2023-07-29 23:44:46; hka-aqm-a103;  24.94;  58.84;   418;   941;     8;     1;     2;     0;  -108;  -108;   3.2; drag-lps8-02; 3; 7; 125000; 27553
2023-07-29 23:59:52; hka-aqm-a103;  24.90;  58.90;   417;   898;     8;     1;     2;     0;  -113;  -113;   1.5; drag-outd-01; 0; 7; 125000; 27554
