# Logfile LoRaWAN TTN/TTS V3 logger version hka-log V 1.1
date_time;device_id;tmp;hum;CO2;VOC;vis;IR;WIFI;BLE;rssi;channel_rssi;snr;gateway;channel_index;spreading_factor;bandwidth;f_cnt
2023-05-27 00:13:29; hka-aqm-a112;  24.88;  37.51;   455;  1575;     7;     0;     1;     0;  -122;  -122; -10.5; drag-lps8-02; 4; 10; 125000; 23158
2023-05-27 00:28:36; hka-aqm-a112;  24.84;  37.68;   454;  1555;     7;     0;     1;     0;  -135;  -135; -15.0; drag-outd-01; 1; 10; 125000; 23159
2023-05-27 00:43:42; hka-aqm-a112;  24.77;  37.75;   455;  1539;     7;     0;     3;     1;  -132;  -132; -11.5; drag-outd-01; 0; 10; 125000; 23160
2023-05-27 00:58:49; hka-aqm-a112;  24.71;  37.84;   453;  1524;     7;     0;     0;     0;  -123;  -123;  -4.2; drag-lps8-08; 5; 10; 125000; 23161
2023-05-27 01:13:56; hka-aqm-a112;  24.68;  37.98;   458;  1505;     7;     0;     2;     0;  -128;  -128; -13.2; drag-lps8-02; 7; 10; 125000; 23162
2023-05-27 01:29:03; hka-aqm-a112;  24.62;  38.04;   451;  1438;     7;     2;     3;     1;  -120;  -120;  -4.2; drag-lps8-08; 6; 10; 125000; 23163
2023-05-27 01:44:09; hka-aqm-a112;  24.62;  38.04;   450;  1483;     7;     0;     3;     0;  -127;  -127;  -6.8; drag-outd-01; 2; 10; 125000; 23164
2023-05-27 01:59:16; hka-aqm-a112;  24.56;  38.11;   450;  1432;    10;     3;     1;     0;  -127;  -127; -15.8; drag-lps8-02; 6; 10; 125000; 23165
2023-05-27 02:14:22; hka-aqm-a112;  24.52;  38.18;   454;  1399;     7;     0;     3;     1;  -133;  -133; -14.0; drag-outd-01; 0; 10; 125000; 23166
2023-05-27 02:29:29; hka-aqm-a112;  24.47;  38.21;   452;  1351;     7;     0;     0;     0;  -125;  -125; -17.0; drag-lps8-02; 3; 10; 125000; 23167
2023-05-27 02:44:35; hka-aqm-a112;  24.45;  38.21;   454;  1406;     7;     0;     2;     0;  -134;  -134; -13.0; drag-outd-01; 2; 10; 125000; 23168
2023-05-27 02:59:42; hka-aqm-a112;  24.41;  38.21;   454;  1229;    10;     3;     3;     1;  -126;  -126; -12.5; drag-lps8-02; 7; 10; 125000; 23169
2023-05-27 03:14:49; hka-aqm-a112;  24.39;  38.18;   450;  1357;     7;     0;     3;     0;  -129;  -129;  -9.2; drag-outd-01; 1; 10; 125000; 23170
2023-05-27 03:29:55; hka-aqm-a112;  24.37;  38.18;   466;  1374;     7;     2;     0;     0;  -124;  -124;  -5.2; drag-lps8-08; 4; 10; 125000; 23171
2023-05-27 03:45:02; hka-aqm-a112;  24.33;  38.18;   450;  1380;    10;     3;     3;     1;  -122;  -122;  -3.2; drag-lps8-08; 5; 10; 125000; 23172
2023-05-27 04:00:08; hka-aqm-a112;  24.31;  38.11;   449;  1338;     7;     2;     1;     0;  -113;  -113;  -0.2; drag-lps8-08; 1; 10; 125000; 23173
2023-05-27 04:15:56; hka-aqm-a112;  24.24;  38.04;   451;  1313;     7;     0;     0;     0;  -126;  -126; -14.0; drag-lps8-02; 6; 10; 125000; 23175
2023-05-27 04:31:44; hka-aqm-a112;  24.20;  38.08;   450;  1290;     7;     1;     1;     0;  -124;  -124;  -9.0; drag-lps8-02; 0; 10; 125000; 23177
2023-05-27 04:47:31; hka-aqm-a112;  24.19;  37.98;   452;  1300;     7;     1;     1;     0;  -113;  -113;   3.8; drag-lps8-08; 7; 10; 125000; 23179
2023-05-27 05:02:38; hka-aqm-a112;  24.16;  37.91;   457;  1255;     7;     1;     1;     0;  -124;  -124;  -5.0; drag-outd-01; 5; 10; 125000; 23180
2023-05-27 05:17:44; hka-aqm-a112;  24.14;  37.84;   461;  1209;     9;     2;     0;     0;  -124;  -124;  -8.8; drag-lps8-02; 7; 10; 125000; 23181
2023-05-27 05:32:51; hka-aqm-a112;  24.10;  37.81;   459;  1240;    15;     5;     1;     0;  -119;  -119;  -3.8; drag-lps8-02; 5; 10; 125000; 23182
2023-05-27 05:47:58; hka-aqm-a112;  24.07;  37.78;   453;  1222;    26;    10;     0;     0;  -121;  -121;  -2.8; drag-lps8-08; 3; 10; 125000; 23183
2023-05-27 06:03:04; hka-aqm-a112;  24.07;  37.65;   457;  1269;    46;    21;     1;     0;  -122;  -122;  -3.2; drag-outd-01; 2; 10; 125000; 23184
2023-05-27 06:18:11; hka-aqm-a112;  24.06;  37.58;   460;  1216;    62;    30;     1;     0;  -111;  -111;   3.8; drag-lps8-08; 1; 10; 125000; 23185
2023-05-27 06:33:17; hka-aqm-a112;  24.04;  37.51;   457;  1231;    79;    38;     2;     0;  -126;  -126;  -5.8; drag-outd-01; 4; 10; 125000; 23186
2023-05-27 06:48:24; hka-aqm-a112;  24.06;  37.45;   462;  1227;    94;    45;     3;     1;  -116;  -116;  -5.2; drag-lps8-02; 6; 10; 125000; 23187
2023-05-27 07:03:30; hka-aqm-a112;  24.05;  37.38;   457;  1232;   114;    55;     1;     0;  -112;  -112;   6.5; drag-lps8-08; 0; 10; 125000; 23188
2023-05-27 07:19:18; hka-aqm-a112;  24.06;  37.35;   461;  1242;   136;    67;     0;     0;  -114;  -114;   2.0; drag-lps8-08; 2; 10; 125000; 23190
2023-05-27 07:34:25; hka-aqm-a112;  24.01;  37.32;   450;  1197;   158;    79;     0;     0;  -118;  -118;  -0.8; drag-outd-01; 3; 10; 125000; 23191
2023-05-27 07:49:31; hka-aqm-a112;  24.03;  37.25;   450;  1164;   180;    91;     0;     0;  -121;  -121;  -2.0; drag-outd-01; 4; 10; 125000; 23192
2023-05-27 08:04:38; hka-aqm-a112;  24.10;  37.12;   447;  1289;   194;    99;     3;     1;  -112;  -112;   1.8; drag-lps8-08; 1; 10; 125000; 23193
2023-05-27 08:19:44; hka-aqm-a112;  24.13;  36.85;   444;  1204;   221;   113;     0;     0;  -120;  -120;  -8.5; drag-outd-01; 5; 10; 125000; 23194
2023-05-27 08:34:51; hka-aqm-a112;  24.35;  36.59;   437;  1210;   247;   127;     1;     0;  -128;  -128; -10.8; drag-lps8-02; 7; 10; 125000; 23195
2023-05-27 08:49:57; hka-aqm-a112;  24.33;  36.32;   441;  1202;   280;   144;     3;     1;  -125;  -125; -10.0; drag-lps8-02; 0; 10; 125000; 23196
2023-05-27 09:05:04; hka-aqm-a112;  24.44;  36.12;   432;  1192;   314;   161;     2;     0;  -120;  -120;  -1.8; drag-lps8-08; 4; 10; 125000; 23197
2023-05-27 09:20:11; hka-aqm-a112;  24.44;  35.92;   433;  1211;   335;   172;     0;     0;  -121;  -121;  -6.8; drag-lps8-02; 5; 10; 125000; 23198
2023-05-27 09:35:17; hka-aqm-a112;  24.53;  35.69;   435;  1171;   360;   186;     3;     1;  -118;  -118;  -2.5; drag-lps8-08; 6; 10; 125000; 23199
2023-05-27 09:50:24; hka-aqm-a112;  24.64;  35.49;   435;  1173;   392;   201;     0;     0;  -120;  -120;  -2.5; drag-lps8-08; 3; 10; 125000; 23200
2023-05-27 10:05:30; hka-aqm-a112;  24.74;  35.39;   431;  1202;   427;   219;     3;     1;  -124;  -124;  -7.5; drag-lps8-02; 0; 10; 125000; 23201
2023-05-27 10:20:37; hka-aqm-a112;  24.86;  35.19;   425;  1162;   468;   240;     2;     0;  -116;  -116;  -0.5; drag-lps8-08; 2; 10; 125000; 23202
2023-05-27 10:35:44; hka-aqm-a112;  24.91;  34.99;   423;  1205;   501;   256;     1;     0;  -112;  -112;  -8.5; drag-lps8-02; 1; 10; 125000; 23203
2023-05-27 10:50:50; hka-aqm-a112;  24.99;  34.89;   417;  1168;   537;   277;     1;     0;  -120;  -120;  -1.2; drag-lps8-08; 7; 10; 125000; 23204
2023-05-27 11:05:57; hka-aqm-a112;  25.03;  34.82;   421;  1171;   571;   292;     1;     0;  -124;  -124;  -9.2; drag-lps8-02; 4; 10; 125000; 23205
2023-05-27 11:21:03; hka-aqm-a112;  25.15;  34.72;   422;  1180;   605;   311;     3;     1;  -118;  -118;  -1.2; drag-outd-01; 6; 10; 125000; 23206
2023-05-27 11:36:10; hka-aqm-a112;  25.22;  34.62;   416;  1168;   640;   328;     2;     0;  -112;  -112;   3.0; drag-outd-01; 1; 10; 125000; 23207
2023-05-27 11:51:16; hka-aqm-a112;  25.27;  34.52;   411;  1138;   676;   348;     1;     0;  -120;  -120;  -6.0; drag-lps8-02; 0; 10; 125000; 23208
2023-05-27 12:06:23; hka-aqm-a112;  25.45;  34.39;   421;  1158;   699;   360;     3;     1;  -125;  -125; -10.8; drag-lps8-02; 5; 10; 125000; 23209
2023-05-27 12:22:11; hka-aqm-a112;  25.56;  34.39;   418;  1150;   721;   373;     3;     1;  -121;  -121;  -3.2; drag-outd-01; 7; 10; 125000; 23211
2023-05-27 12:37:58; hka-aqm-a112;  25.65;  34.29;   408;  1143;   737;   380;     3;     1;  -111;  -111;   3.8; drag-outd-01; 1; 10; 125000; 23213
2023-05-27 12:53:07; hka-aqm-a112;  25.69;  34.26;   406;  1167;   751;   390;     2;     0;  -114;  -114;   3.2; drag-lps8-08; 0; 10; 125000; 23214
2023-05-27 13:08:13; hka-aqm-a112;  25.74;  34.26;   404;  1161;   759;   393;     0;     0;  -124;  -124; -11.2; drag-lps8-02; 4; 10; 125000; 23215
2023-05-27 13:23:22; hka-aqm-a112;  25.87;  34.26;   410;  1170;   769;   398;     0;     0;  -114;  -114;   4.8; drag-lps8-08; 7; 10; 125000; 23216
2023-05-27 13:38:28; hka-aqm-a112;  25.92;  34.26;   403;  1128;   776;   401;     3;     1;  -108;  -108;   4.2; drag-outd-01; 2; 10; 125000; 23217
2023-05-27 13:53:35; hka-aqm-a112;  25.98;  34.29;   403;  1101;   785;   406;     3;     1;  -117;  -117; nan; drag-lps8-08; 6; 10; 125000; 23218
2023-05-27 14:08:42; hka-aqm-a112;  26.07;  34.32;   400;  1032;   806;   416;     3;     1;  -121;  -121; -13.0; drag-lps8-02; 3; 10; 125000; 23219
2023-05-27 14:23:48; hka-aqm-a112;  26.17;  34.26;   400;  1092;   818;   423;     2;     0;  -114;  -114;   0.2; drag-outd-01; 5; 10; 125000; 23220
2023-05-27 14:38:55; hka-aqm-a112;  26.18;  34.29;   395;  1061;   808;   417;     1;     0;  -121;  -121;  -9.2; drag-lps8-02; 2; 10; 125000; 23221
2023-05-27 14:54:01; hka-aqm-a112;  26.15;  34.26;   396;   988;   810;   419;     3;     1;  -115;  -115;   3.0; drag-outd-01; 0; 10; 125000; 23222
2023-05-27 15:09:08; hka-aqm-a112;  26.23;  34.19;   404;  1063;   795;   412;     3;     1;  -114;  -114;   2.8; drag-lps8-08; 7; 10; 125000; 23223
2023-05-27 15:24:14; hka-aqm-a112;  26.18;  34.12;   401;  1032;   787;   408;     3;     1;  -114;  -114;   3.0; drag-outd-01; 4; 10; 125000; 23224
2023-05-27 15:39:21; hka-aqm-a112;  26.33;  33.92;   400;  1075;   765;   395;     3;     1;  -118;  -118;  -2.8; drag-lps8-08; 1; 10; 125000; 23225
2023-05-27 15:54:28; hka-aqm-a112;  26.26;  33.82;   394;   982;   742;   384;     3;     1;  -114;  -114;   1.8; drag-lps8-08; 6; 10; 125000; 23226
2023-05-27 16:09:34; hka-aqm-a112;  26.34;  33.69;   391;   952;   718;   371;     3;     1;  -112;  -112;   2.5; drag-lps8-08; 5; 10; 125000; 23227
2023-05-27 16:24:41; hka-aqm-a112;  26.35;  33.72;   390;  1015;   688;   355;     3;     1;  -123;  -123;  -4.0; drag-lps8-08; 3; 10; 125000; 23228
2023-05-27 16:39:47; hka-aqm-a112;  26.29;  33.69;   402;  1024;   657;   340;     3;     1;  -106;  -106;   6.5; drag-outd-01; 1; 10; 125000; 23229
2023-05-27 16:55:35; hka-aqm-a112;  26.34;  33.62;   398;  1048;   633;   328;     1;     0;  -118;  -118;  -1.2; drag-lps8-08; 5; 10; 125000; 23231
2023-05-27 17:10:42; hka-aqm-a112;  26.30;  33.52;   389;  1013;   598;   311;     3;     1;  -119;  -119;   1.5; drag-outd-01; 7; 10; 125000; 23232
2023-05-27 17:26:29; hka-aqm-a112;  26.26;  33.39;   392;   991;   542;   282;     3;     1;  -115;  -115;   2.5; drag-lps8-08; 4; 10; 125000; 23234
2023-05-27 17:41:36; hka-aqm-a112;  26.24;  33.45;   405;   996;   493;   257;     3;     1;  -123;  -123; -13.8; drag-lps8-02; 3; 10; 125000; 23235
2023-05-27 17:56:42; hka-aqm-a112;  26.22;  33.25;   394;  1035;   461;   241;     3;     1;  -113;  -113;   2.0; drag-lps8-08; 6; 10; 125000; 23236
2023-05-27 18:11:49; hka-aqm-a112;  26.18;  33.19;   400;   970;   420;   218;     2;     1;  -125;  -125; -15.8; drag-lps8-02; 2; 10; 125000; 23237
2023-05-27 18:26:55; hka-aqm-a112;  26.15;  33.32;   394;  1057;   363;   188;     3;     1;  -124;  -124; -11.8; drag-lps8-02; 1; 10; 125000; 23238
2023-05-27 18:42:02; hka-aqm-a112;  26.13;  33.29;   398;  1036;   305;   155;     3;     1;  -118;  -118;  -9.5; drag-outd-01; 5; 10; 125000; 23239
2023-05-27 18:57:50; hka-aqm-a112;  26.05;  33.25;   389;  1022;   247;   121;     3;     1;  -116;  -116;   1.8; drag-outd-01; 7; 10; 125000; 23241
2023-05-27 19:12:56; hka-aqm-a112;  25.99;  33.32;   395;  1069;   211;   100;     3;     1;  -113;  -113;   4.0; drag-lps8-08; 4; 10; 125000; 23242
2023-05-27 19:28:03; hka-aqm-a112;  25.96;  33.25;   393;  1087;   161;    75;     3;     1;  -112;  -112;   5.2; drag-outd-01; 3; 10; 125000; 23243
2023-05-27 19:43:09; hka-aqm-a112;  25.90;  33.25;   390;  1049;   114;    52;     3;     1;  -113;  -113;   5.5; drag-lps8-08; 0; 10; 125000; 23244
2023-05-27 19:58:16; hka-aqm-a112;  25.85;  33.39;   389;  1088;    80;    35;     3;     1;  -110;  -110;   3.5; drag-lps8-08; 2; 10; 125000; 23245
2023-05-27 20:13:23; hka-aqm-a112;  25.80;  33.42;   393;  1071;    59;    25;     3;     1;  -115;  -115;  -1.0; drag-lps8-08; 3; 10; 125000; 23246
2023-05-27 20:28:29; hka-aqm-a112;  25.66;  33.59;   392;  1090;    41;    16;     3;     1;  -113;  -113;   3.2; drag-lps8-08; 7; 10; 125000; 23247
2023-05-27 20:43:36; hka-aqm-a112;  25.60;  33.72;   390;  1119;    28;    11;     3;     1;  -125;  -125;  -5.0; drag-outd-01; 4; 10; 125000; 23248
2023-05-27 20:58:42; hka-aqm-a112;  25.56;  33.72;   391;  1122;    17;     6;     3;     1;  -123;  -123;  -7.8; drag-lps8-02; 5; 10; 125000; 23249
2023-05-27 21:13:49; hka-aqm-a112;  25.49;  33.72;   393;  1109;    13;     5;     3;     1;  -113;  -113;   4.0; drag-lps8-08; 1; 10; 125000; 23250
2023-05-27 21:28:55; hka-aqm-a112;  25.42;  33.92;   394;  1132;     8;     1;     3;     1;  -113;  -113;   2.0; drag-lps8-08; 6; 10; 125000; 23251
2023-05-27 21:44:02; hka-aqm-a112;  25.35;  34.06;   397;  1062;     7;     1;     3;     1;  -130;  -130; -15.0; drag-lps8-02; 0; 10; 125000; 23252
2023-05-27 21:59:09; hka-aqm-a112;  25.26;  34.19;   410;  1129;     7;     0;     3;     1;  -115;  -115;   0.5; drag-outd-01; 2; 10; 125000; 23253
2023-05-27 22:14:56; hka-aqm-a112;  25.22;  34.29;   407;  1168;     7;     1;     3;     1;  -128;  -128; -16.5; drag-lps8-02; 6; 10; 125000; 23255
2023-05-27 22:30:44; hka-aqm-a112;  25.19;  34.36;   411;  1155;     7;     0;     3;     1;  -114;  -114;   1.8; drag-lps8-08; 5; 10; 125000; 23257
2023-05-27 22:45:50; hka-aqm-a112;  25.13;  34.46;   414;  1119;     8;     1;     3;     1;  -120;  -120;  -2.2; drag-outd-01; 4; 10; 125000; 23258
2023-05-27 23:00:57; hka-aqm-a112;  25.06;  34.52;   417;  1134;     7;     0;     3;     1;  -109;  -109;   5.2; drag-lps8-08; 1; 10; 125000; 23259
2023-05-27 23:16:46; hka-aqm-a112;  25.02;  34.66;   420;  1138;     7;     1;     3;     1;  -126;  -126; -15.5; drag-outd-01; 5; 10; 125000; 23261
2023-05-27 23:32:33; hka-aqm-a112;  24.96;  34.79;   427;  1137;     7;     0;     3;     1;  -120;  -120;  -3.2; drag-outd-01; 1; 10; 125000; 23263
2023-05-27 23:47:40; hka-aqm-a112;  24.92;  34.92;   434;  1122;     7;     1;     3;     1;  -128;  -128; -15.0; drag-lps8-02; 2; 10; 125000; 23264
