# Logfile LoRaWAN TTN/TTS V3 logger version hka-log V 1.1
date_time;device_id;tmp;hum;CO2;VOC;vis;IR;WIFI;BLE;rssi;channel_rssi;snr;gateway;channel_index;spreading_factor;bandwidth;f_cnt
2023-07-31 00:07:54; hka-aqm-a112;  25.07;  50.11;   415;   811;    10;     3;     3;     1;  -115;  -115;   0.5; drag-outd-01; 4; 11; 125000; 34656
2023-07-31 00:23:01; hka-aqm-a112;  25.05;  50.11;   425;   792;     9;     3;     2;     0;  -111;  -111;   5.2; drag-lps8-08; 1; 11; 125000; 34657
2023-07-31 00:38:08; hka-aqm-a112;  25.01;  50.11;   420;   786;     7;     0;     1;     0;  -119;  -119;   2.8; drag-lps8-08; 7; 11; 125000; 34658
2023-07-31 00:53:17; hka-aqm-a112;  25.00;  50.08;   424;   793;     7;     0;     1;     0;  -114;  -114;  -7.0; drag-outd-01; 5; 11; 125000; 34659
2023-07-31 01:08:24; hka-aqm-a112;  24.97;  50.08;   428;   774;    10;     3;     1;     0;  -117;  -117;   5.0; drag-lps8-08; 2; 11; 125000; 34660
2023-07-31 01:23:31; hka-aqm-a112;  24.92;  50.05;   422;   796;     7;     1;     3;     1;  -117;  -117;   0.2; drag-lps8-08; 3; 11; 125000; 34661
2023-07-31 01:38:38; hka-aqm-a112;  24.91;  50.01;   430;   753;     7;     0;     2;     0;  -124;  -124;  -5.5; drag-lps8-02; 0; 11; 125000; 34662
2023-07-31 01:53:45; hka-aqm-a112;  24.90;  49.95;   422;   775;     7;     0;     1;     0;  -114;  -114;   2.2; drag-lps8-08; 6; 11; 125000; 34663
2023-07-31 02:08:52; hka-aqm-a112;  24.83;  49.98;   427;   818;     7;     0;     3;     1;  -115;  -115;   1.8; drag-outd-01; 1; 11; 125000; 34664
2023-07-31 02:23:59; hka-aqm-a112;  24.78;  49.98;   424;   770;     7;     0;     2;     0;  -112;  -112;   0.8; drag-outd-01; 4; 11; 125000; 34665
2023-07-31 02:39:06; hka-aqm-a112;  24.80;  49.85;   423;   740;     7;     0;     0;     0;  -115;  -115;  -3.0; drag-outd-01; 7; 11; 125000; 34666
2023-07-31 02:54:13; hka-aqm-a112;  24.74;  49.89;   425;   700;     7;     0;     3;     1;  -123;  -123;  -5.2; drag-lps8-02; 0; 11; 125000; 34667
2023-07-31 03:09:20; hka-aqm-a112;  24.75;  49.79;   427;   761;     7;     1;     2;     0;  -114;  -114;  -6.5; drag-outd-01; 5; 11; 125000; 34668
2023-07-31 03:24:27; hka-aqm-a112;  24.72;  49.79;   429;   745;     7;     0;     2;     0;  -115;  -115;   1.8; drag-lps8-08; 4; 11; 125000; 34669
2023-07-31 03:39:36; hka-aqm-a112;  24.68;  49.66;   434;   762;    10;     3;     3;     1;  -112;  -112;   5.0; drag-lps8-08; 1; 11; 125000; 34670
2023-07-31 03:54:43; hka-aqm-a112;  24.65;  49.63;   430;   795;     7;     0;     1;     0;  -117;  -117;  -0.2; drag-lps8-08; 3; 11; 125000; 34671
2023-07-31 04:09:50; hka-aqm-a112;  24.64;  49.57;   427;   754;     7;     1;     3;     1;  -112;  -112;   2.0; drag-outd-01; 2; 11; 125000; 34672
2023-07-31 04:24:57; hka-aqm-a112;  24.64;  49.54;   433;   693;    10;     3;     1;     0;  -113;  -113;   2.8; drag-lps8-08; 7; 11; 125000; 34673
2023-07-31 04:40:04; hka-aqm-a112;  24.60;  49.54;   430;   792;     7;     1;     2;     0;  -122;  -122;  -5.5; drag-lps8-02; 6; 11; 125000; 34674
2023-07-31 04:55:11; hka-aqm-a112;  24.56;  49.47;   430;   785;     7;     0;     3;     1;  -120;  -120;  -4.5; drag-lps8-02; 2; 11; 125000; 34675
2023-07-31 05:10:18; hka-aqm-a112;  24.60;  49.41;   430;   783;     7;     0;     2;     0;  -117;  -117;  -5.8; drag-outd-01; 6; 11; 125000; 34676
2023-07-31 05:25:25; hka-aqm-a112;  24.58;  49.34;   429;   763;     7;     1;     3;     1;  -113;  -113;   2.0; drag-lps8-08; 4; 11; 125000; 34677
2023-07-31 05:40:33; hka-aqm-a112;  24.53;  49.34;   433;   749;    10;     2;     3;     1;  -117;  -117;   3.0; drag-outd-01; 3; 11; 125000; 34678
2023-07-31 05:55:42; hka-aqm-a112;  24.52;  49.25;   430;   742;    17;     6;     3;     1;  -115;  -115;   1.0; drag-lps8-08; 5; 11; 125000; 34679
2023-07-31 06:10:49; hka-aqm-a112;  24.51;  49.09;   430;   768;    72;    13;     3;     1;  -115;  -115;   1.2; drag-outd-01; 1; 11; 125000; 34680
2023-07-31 06:25:57; hka-aqm-a112;  24.57;  48.96;   435;   749;    31;    12;     1;     0;  -115;  -115;   2.5; drag-lps8-08; 7; 11; 125000; 34681
2023-07-31 06:41:04; hka-aqm-a112;  24.61;  49.03;   442;   768;    86;    19;     3;     1;  -119;  -119;   3.2; drag-lps8-08; 0; 11; 125000; 34682
2023-07-31 06:56:11; hka-aqm-a112;  24.25;  48.87;   440;   540;   106;    28;     3;     1;  -113;  -113;   2.8; drag-lps8-08; 5; 11; 125000; 34683
2023-07-31 07:04:22; hka-aqm-a112;  24.24;  48.39;   438;   588;    73;    32;     3;     1;  -117;  -117;   4.8; drag-lps8-08; 6; 11; 125000; 34684
2023-07-31 07:19:29; hka-aqm-a112;  24.16;  47.65;   435;   561;   104;    48;     3;     0;  -108;  -108;   0.8; drag-outd-01; 7; 11; 125000; 34685
2023-07-31 07:34:36; hka-aqm-a112;  24.08;  47.01;   417;   532;   107;    51;     1;     0;  -124;  -124;  -7.0; drag-lps8-02; 4; 11; 125000; 34686
2023-07-31 07:49:43; hka-aqm-a112;  23.86;  47.23;   412;   532;    78;    35;     3;     0;  -110;  -110;   3.5; drag-outd-01; 1; 11; 125000; 34687
2023-07-31 08:04:50; hka-aqm-a112;  23.90;  47.04;   409;   573;   142;    66;     3;     0;  -117;  -117;   5.5; drag-outd-01; 3; 11; 125000; 34688
2023-07-31 08:19:57; hka-aqm-a112;  23.95;  47.17;   406;   601;   181;    85;     1;     4;  -123;  -123;  -5.2; drag-lps8-02; 0; 11; 125000; 34689
2023-07-31 08:35:04; hka-aqm-a112;  23.95;  46.97;   413;   622;   230;    92;     3;     2;  -119;  -119;  -3.8; drag-lps8-02; 2; 11; 125000; 34690
2023-07-31 08:50:11; hka-aqm-a112;  23.97;  47.04;   404;   609;   112;    50;     3;     3;  -114;  -114;   3.2; drag-lps8-08; 0; 11; 125000; 34691
2023-07-31 09:05:18; hka-aqm-a112;  23.94;  46.97;   402;   620;   184;    86;     2;     0;  -115;  -115;   4.5; drag-lps8-08; 2; 11; 125000; 34692
2023-07-31 09:20:28; hka-aqm-a112;  23.87;  47.04;   408;   625;   278;   112;     3;     5;  -111;  -111;   1.0; drag-outd-01; 7; 11; 125000; 34693
2023-07-31 09:35:35; hka-aqm-a112;  24.03;  46.46;   406;   647;   270;   107;     2;     2;  -117;  -117;   4.8; drag-lps8-08; 6; 11; 125000; 34694
2023-07-31 09:50:42; hka-aqm-a112;  24.08;  46.59;   402;   661;   220;    85;     3;     5;  -114;  -114;   3.5; drag-lps8-08; 4; 11; 125000; 34695
2023-07-31 10:05:50; hka-aqm-a112;  24.13;  46.23;   408;   664;   279;   112;     3;     5;  -114;  -114;   4.8; drag-outd-01; 3; 11; 125000; 34696
2023-07-31 10:20:57; hka-aqm-a112;  24.16;  46.01;   407;   680;   285;   114;     1;     5;  -111;  -111;   3.2; drag-outd-01; 1; 11; 125000; 34697
2023-07-31 10:36:04; hka-aqm-a112;  24.32;  45.72;   404;   707;   376;   160;     3;     5;  -114;  -114;   3.2; drag-lps8-08; 5; 11; 125000; 34698
2023-07-31 10:47:41; hka-aqm-a112;  24.24;  45.68;   406;   608;   486;   217;     3;     8;  -113;  -113;  -2.0; drag-outd-01; 7; 11; 125000; 34699
2023-07-31 10:49:11; hka-aqm-a112;  24.32;  45.68;   405;   614;   545;   249;     2;     5;  -115;  -115;  -2.0; drag-outd-01; 5; 11; 125000; 34700
2023-07-31 10:50:42; hka-aqm-a112;  24.26;  45.62;   409;   604;   481;   214;     2;     6;  -109;  -109;   3.8; drag-outd-01; 1; 11; 125000; 34701
2023-07-31 10:52:13; hka-aqm-a112;  24.33;  45.62;   406;   602;   612;   283;     1;     7;  -112;  -112;   3.0; drag-outd-01; 0; 11; 125000; 34702
2023-07-31 10:53:43; hka-aqm-a112;  24.38;  45.49;   411;   610;   497;   223;     2;     8;  -118;  -118;  -3.8; drag-lps8-02; 2; 11; 125000; 34703
2023-07-31 10:55:40; hka-aqm-a112;  24.39;  45.59;   404;   632;   493;   220;     2;     9;  -122;  -122;  -6.5; drag-lps8-02; 3; 11; 125000; 34704
2023-07-31 10:57:21; hka-aqm-a112;  24.46;  45.46;   403;   632;   541;   245;     2;     9;  -119;  -119;  -4.2; drag-lps8-02; 4; 11; 125000; 34705
2023-07-31 10:58:52; hka-aqm-a112;  24.41;  45.49;   409;   577;   637;   295;     2;     9;  -125;  -125;  -8.2; drag-lps8-02; 6; 11; 125000; 34706
2023-07-31 11:00:22; hka-aqm-a112;  24.49;  45.33;   402;   613;   586;   269;     2;     9;  -113;  -113;   3.8; drag-outd-01; 3; 11; 125000; 34707
2023-07-31 11:01:53; hka-aqm-a112;  24.46;  45.30;   402;   618;   531;   240;     1;     8;  -111;  -111;   2.2; drag-outd-01; 2; 11; 125000; 34708
2023-07-31 11:03:41; hka-aqm-a112;  24.52;  45.36;   405;   671;   549;   246;     1;     8;  -108;  -108; nan; drag-outd-01; 6; 11; 125000; 34709
2023-07-31 11:05:12; hka-aqm-a112;  24.57;  45.33;   405;   677;   517;   230;     3;     9;  -112;  -112;   2.2; drag-outd-01; 0; 11; 125000; 34710
2023-07-31 11:09:22; hka-aqm-a112;  24.59;  45.36;   405;   600;   480;   211;     1;    10;  -123;  -123;  -6.0; drag-lps8-02; 7; 11; 125000; 34711
2023-07-31 11:10:52; hka-aqm-a112;  24.60;  45.30;   405;   570;   487;   215;     2;    10;  -114;  -114;   1.2; drag-lps8-08; 1; 11; 125000; 34712
2023-07-31 11:12:23; hka-aqm-a112;  24.61;  45.23;   403;   610;   557;   251;     1;     9;  -113;  -113;   3.0; drag-lps8-08; 4; 11; 125000; 34713
2023-07-31 11:13:53; hka-aqm-a112;  24.58;  45.23;   403;   660;   497;   221;     2;    10;  -118;  -118;  -4.2; drag-outd-01; 5; 11; 125000; 34714
2023-07-31 11:15:24; hka-aqm-a112;  24.63;  45.20;   404;   637;   484;   212;     2;     9;  -111;  -111;   3.0; drag-outd-01; 4; 11; 125000; 34715
2023-07-31 11:16:54; hka-aqm-a112;  24.57;  45.20;   402;   589;   716;   331;     2;     9;  -111;  -111;  -1.8; drag-outd-01; 6; 11; 125000; 34716
2023-07-31 11:21:19; hka-aqm-a112;  24.72;  44.91;   405;   669;   605;   277;     2;    10;  -111;  -111;   4.2; drag-lps8-08; 2; 11; 125000; 34717
2023-07-31 11:22:50; hka-aqm-a112;  24.74;  44.84;   405;   677;   509;   227;     1;    11;  -113;  -113;   1.0; drag-outd-01; 0; 11; 125000; 34718
2023-07-31 11:24:39; hka-aqm-a112;  24.75;  45.04;   410;   659;   433;   190;     3;    12;  -121;  -121;  -4.0; drag-lps8-02; 1; 11; 125000; 34719
2023-07-31 11:26:10; hka-aqm-a112;  24.70;  45.04;   407;   659;   495;   223;     2;     9;  -119;  -119;   2.0; drag-lps8-08; 3; 11; 125000; 34720
2023-07-31 11:34:21; hka-aqm-a112;  24.84;  45.01;   407;   671;   497;   222;     2;    11;  -110;  -110;  -1.2; drag-outd-01; 7; 11; 125000; 34721
2023-07-31 11:35:52; hka-aqm-a112;  24.79;  44.97;   401;   702;   579;   263;     2;     9;  -119;  -119;  -0.2; drag-lps8-08; 5; 11; 125000; 34722
2023-07-31 11:37:22; hka-aqm-a112;  24.88;  44.97;   400;   698;   738;   349;     1;     6;  -112;  -112;   4.5; drag-outd-01; 3; 11; 125000; 34723
2023-07-31 11:38:53; hka-aqm-a112;  24.92;  44.94;   402;   726;   458;   202;     2;     4;  -125;  -125;  -6.2; drag-lps8-02; 0; 11; 125000; 34724
2023-07-31 11:40:24; hka-aqm-a112;  24.91;  44.94;   406;   733;   420;   181;     1;     4;  -107;  -107; nan; drag-outd-01; 6; 11; 125000; 34725
2023-07-31 11:55:31; hka-aqm-a112;  24.95;  44.81;   401;   729;   410;   176;     2;     8;  -113;  -113;   2.8; drag-outd-01; 4; 11; 125000; 34726
2023-07-31 11:58:41; hka-aqm-a112;  24.96;  44.81;   400;   705;   505;   221;     2;     8;  -122;  -122;  -8.2; drag-lps8-02; 2; 11; 125000; 34727
2023-07-31 12:00:12; hka-aqm-a112;  24.94;  44.81;   399;   693;   589;   268;     1;     3;  -114;  -114;   4.8; drag-lps8-08; 7; 11; 125000; 34728
2023-07-31 12:01:42; hka-aqm-a112;  24.88;  44.65;   400;   699;   664;   305;     0;     3;  -121;  -121;  -5.8; drag-lps8-02; 1; 11; 125000; 34729
2023-07-31 12:03:13; hka-aqm-a112;  24.92;  44.52;   402;   710;   599;   274;     0;     3;  -117;  -117;   3.2; drag-lps8-08; 5; 11; 125000; 34730
2023-07-31 12:06:00; hka-aqm-a112;  24.94;  44.33;   399;   683;   542;   240;     1;     4;  -106;  -106;   3.0; drag-outd-01; 2; 11; 125000; 34731
2023-07-31 12:21:08; hka-aqm-a112;  24.80;  43.94;   406;   612;   385;   162;     2;     5;  -117;  -117;   1.8; drag-lps8-08; 6; 11; 125000; 34732
2023-07-31 12:32:20; hka-aqm-a112;  24.85;  44.42;   397;   654;   465;   204;     3;     7;  -114;  -114;  -1.5; drag-outd-01; 0; 11; 125000; 34733
2023-07-31 12:33:51; hka-aqm-a112;  24.86;  44.39;   396;   648;   385;   164;     1;     6;  -130;  -130; -10.5; drag-lps8-02; 7; 11; 125000; 34734
2023-07-31 12:42:41; hka-aqm-a112;  24.93;  44.16;   400;   715;   512;   228;     2;     9;  -119;  -119;  -5.8; drag-lps8-02; 3; 11; 125000; 34735
2023-07-31 12:44:11; hka-aqm-a112;  24.96;  44.26;   400;   705;   392;   169;     1;     9;  -122;  -122;  -5.0; drag-lps8-02; 4; 11; 125000; 34736
2023-07-31 12:45:42; hka-aqm-a112;  25.01;  44.29;   406;   675;   484;   212;     1;    10;  -120;  -120;  -5.0; drag-lps8-02; 1; 11; 125000; 34737
2023-07-31 12:47:12; hka-aqm-a112;  24.98;  44.29;   406;   722;   635;   291;     2;    11;  -124;  -124;  -7.5; drag-lps8-02; 5; 11; 125000; 34738
2023-07-31 12:48:43; hka-aqm-a112;  25.06;  44.49;   406;   724;   529;   237;     0;    12;  -114;  -114;   2.0; drag-outd-01; 3; 11; 125000; 34739
2023-07-31 12:50:13; hka-aqm-a112;  25.08;  44.39;   410;   737;   526;   235;     1;    12;  -119;  -119;   3.2; drag-lps8-08; 0; 11; 125000; 34740
2023-07-31 12:53:39; hka-aqm-a112;  25.03;  44.42;   416;   751;   791;   373;     1;    13;  -120;  -120;  -8.2; drag-outd-01; 7; 11; 125000; 34741
2023-07-31 12:55:10; hka-aqm-a112;  25.10;  44.55;   420;   773;   631;   295;     1;     9;  -122;  -122;  -5.2; drag-lps8-02; 1; 11; 125000; 34742
2023-07-31 12:56:41; hka-aqm-a112;  25.09;  44.42;   417;   806;   787;   369;     1;    10;  -117;  -117; nan; drag-lps8-08; 5; 11; 125000; 34743
2023-07-31 12:58:12; hka-aqm-a112;  25.10;  44.13;   415;   802;   883;   424;     2;    13;  -120;  -120;  -3.2; drag-lps8-02; 4; 11; 125000; 34744
2023-07-31 13:00:00; hka-aqm-a112;  25.20;  44.39;   415;   822;   978;   474;     2;    11;  -116;  -116;  -3.0; drag-lps8-02; 2; 11; 125000; 34745
2023-07-31 13:01:31; hka-aqm-a112;  25.24;  44.36;   414;   819;   914;   435;     1;     9;  -119;  -119; -10.0; drag-outd-01; 6; 11; 125000; 34746
2023-07-31 13:03:01; hka-aqm-a112;  25.24;  44.26;   414;   804;   578;   258;     0;    10;  -113;  -113;   2.8; drag-lps8-08; 5; 11; 125000; 34747
2023-07-31 13:04:32; hka-aqm-a112;  25.28;  44.20;   415;   825;   647;   293;     1;    10;  -121;  -121;  -7.0; drag-outd-01; 4; 11; 125000; 34748
2023-07-31 13:06:02; hka-aqm-a112;  25.36;  44.10;   417;   767;   973;   461;     1;    12;  -112;  -112;   4.8; drag-lps8-08; 1; 11; 125000; 34749
2023-07-31 13:07:33; hka-aqm-a112;  25.30;  44.00;   417;   762;   552;   248;     0;    13;  -118;  -118;   1.5; drag-lps8-08; 7; 11; 125000; 34750
2023-07-31 13:09:03; hka-aqm-a112;  25.29;  44.03;   418;   736;   512;   227;     0;    13;  -119;  -119;  -4.8; drag-lps8-02; 2; 11; 125000; 34751
2023-07-31 13:10:34; hka-aqm-a112;  25.36;  43.94;   417;   763;   754;   351;     1;     7;  -126;  -126;  -7.0; drag-lps8-02; 0; 11; 125000; 34752
2023-07-31 13:12:04; hka-aqm-a112;  25.33;  43.97;   422;   745;   756;   355;     1;    10;  -118;  -118;  -3.8; drag-lps8-02; 3; 11; 125000; 34753
2023-07-31 13:13:35; hka-aqm-a112;  25.34;  43.94;   421;   737;   494;   213;     1;    16;  -122;  -122;  -6.8; drag-lps8-02; 6; 11; 125000; 34754
2023-07-31 13:15:05; hka-aqm-a112;  25.32;  44.03;   431;   768;   527;   233;     1;    16;  -113;  -113;   2.5; drag-lps8-08; 2; 11; 125000; 34755
2023-07-31 13:16:36; hka-aqm-a112;  25.31;  43.94;   436;   759;   969;   470;     1;    18;  -128;  -128; -10.5; drag-lps8-02; 3; 11; 125000; 34756
2023-07-31 13:18:07; hka-aqm-a112;  25.40;  43.97;   443;   665;   827;   388;     3;    21;  -124;  -124; -10.5; drag-outd-01; 7; 11; 125000; 34757
2023-07-31 13:22:22; hka-aqm-a112;  25.44;  44.10;   432;   793;   585;   264;     3;    19;  -115;  -115;   2.2; drag-lps8-08; 5; 11; 125000; 34758
2023-07-31 13:23:52; hka-aqm-a112;  25.40;  44.10;   438;   798;   768;   361;     2;    15;  -119;  -119;  -1.0; drag-lps8-08; 6; 11; 125000; 34759
2023-07-31 13:25:23; hka-aqm-a112;  25.42;  44.07;   436;   811;   514;   228;     0;    13;  -121;  -121;  -6.2; drag-outd-01; 4; 11; 125000; 34760
2023-07-31 13:26:53; hka-aqm-a112;  25.48;  44.07;   435;   743;   489;   213;     2;    13;  -121;  -121;  -6.2; drag-outd-01; 0; 11; 125000; 34761
2023-07-31 13:28:24; hka-aqm-a112;  25.50;  44.07;   440;   837;   529;   237;     1;    13;  -121;  -121;  -4.0; drag-lps8-02; 1; 11; 125000; 34762
2023-07-31 13:32:22; hka-aqm-a112;  25.49;  44.00;   435;   846;   635;   292;     2;    16;  -124;  -124;  -8.5; drag-lps8-02; 6; 11; 125000; 34763
2023-07-31 13:33:52; hka-aqm-a112;  25.52;  43.94;   436;   841;   573;   258;     2;    13;  -115;  -115;   2.8; drag-lps8-08; 7; 11; 125000; 34764
2023-07-31 13:35:23; hka-aqm-a112;  25.56;  44.10;   437;   845;   650;   298;     2;    17;  -122;  -122;  -8.2; drag-lps8-02; 5; 11; 125000; 34765
2023-07-31 13:36:53; hka-aqm-a112;  25.54;  44.20;   438;   843;   525;   234;     1;    16;  -124;  -124;  -9.8; drag-outd-01; 2; 11; 125000; 34766
2023-07-31 13:38:24; hka-aqm-a112;  25.63;  44.26;   445;   815;   658;   303;     1;    16;  -112;  -112;   3.2; drag-lps8-08; 0; 11; 125000; 34767
2023-07-31 13:39:54; hka-aqm-a112;  25.56;  44.20;   433;   925;   570;   256;     1;    19;  -113;  -113;   4.8; drag-lps8-08; 1; 11; 125000; 34768
2023-07-31 13:41:25; hka-aqm-a112;  25.52;  44.13;   442;   927;   716;   330;     1;    16;  -115;  -115;  -1.0; drag-outd-01; 4; 11; 125000; 34769
2023-07-31 13:42:55; hka-aqm-a112;  25.55;  44.13;   446;   912;   712;   328;     3;    23;  -121;  -121;  -6.2; drag-lps8-02; 3; 11; 125000; 34770
2023-07-31 13:44:26; hka-aqm-a112;  25.56;  44.03;   446;   931;   793;   368;     1;    21;  -120;  -120;  -2.8; drag-lps8-02; 7; 11; 125000; 34771
2023-07-31 13:45:56; hka-aqm-a112;  25.59;  44.00;   453;   918;   862;   408;     1;    20;  -123;  -123;  -2.8; drag-lps8-08; 3; 11; 125000; 34772
2023-07-31 13:47:27; hka-aqm-a112;  25.63;  43.94;   447;   910;   859;   404;     2;    20;  -124;  -124; -11.5; drag-outd-01; 6; 11; 125000; 34773
2023-07-31 13:48:57; hka-aqm-a112;  25.58;  44.00;   449;   805;   754;   349;     1;    21;  -129;  -129; -12.0; drag-lps8-02; 4; 11; 125000; 34774
2023-07-31 13:50:28; hka-aqm-a112;  25.56;  43.97;   441;   891;   777;   363;     1;    16;  -123;  -123;  -6.2; drag-lps8-02; 1; 11; 125000; 34775
2023-07-31 13:51:58; hka-aqm-a112;  25.62;  43.94;   442;   914;  1023;   490;     1;    17;  -125;  -125; -11.2; drag-outd-01; 0; 11; 125000; 34776
2023-07-31 13:54:19; hka-aqm-a112;  25.67;  43.74;   445;   887;   840;   394;     2;    22;  -120;  -120;  -5.0; drag-lps8-02; 2; 11; 125000; 34777
2023-07-31 13:55:50; hka-aqm-a112;  25.71;  43.74;   443;   896;   783;   363;     1;    24;  -117;  -117;   0.8; drag-lps8-08; 5; 11; 125000; 34778
2023-07-31 13:57:21; hka-aqm-a112;  25.73;  44.00;   442;   880;   944;   449;     1;    21;  -123;  -123;  -9.2; drag-lps8-02; 3; 11; 125000; 34779
2023-07-31 13:58:51; hka-aqm-a112;  25.78;  44.00;   452;   888;   595;   270;     1;    22;  -119;  -119;  -5.2; drag-lps8-02; 1; 11; 125000; 34780
2023-07-31 14:00:22; hka-aqm-a112;  25.78;  44.00;   448;   908;   691;   320;     0;    20;  -125;  -125; -12.8; drag-outd-01; 5; 11; 125000; 34781
2023-07-31 14:02:41; hka-aqm-a112;  25.80;  44.00;   449;   894;   930;   440;     1;    17;  -119;  -119;   1.8; drag-lps8-08; 4; 11; 125000; 34782
2023-07-31 14:04:11; hka-aqm-a112;  25.82;  44.00;   448;   917;   787;   367;     1;    16;  -113;  -113;   4.0; drag-lps8-08; 6; 11; 125000; 34783
2023-07-31 14:05:42; hka-aqm-a112;  25.84;  44.00;   447;   946;  1140;   553;     2;    22;  -127;  -127;  -8.0; drag-lps8-02; 7; 11; 125000; 34784
2023-07-31 14:07:12; hka-aqm-a112;  25.87;  43.90;   451;   926;   918;   438;     0;    23;  -113;  -113;   3.5; drag-lps8-08; 2; 11; 125000; 34785
2023-07-31 14:08:43; hka-aqm-a112;  25.85;  43.90;   453;   928;   552;   250;     0;    25;  -126;  -126; -11.0; drag-outd-01; 0; 11; 125000; 34786
2023-07-31 14:10:13; hka-aqm-a112;  25.85;  43.87;   457;   942;   617;   280;     1;    26;  -127;  -127; -12.2; drag-lps8-02; 6; 11; 125000; 34787
2023-07-31 14:11:44; hka-aqm-a112;  25.83;  43.94;   459;   930;   595;   270;     2;    24;  -119;  -119;  -2.2; drag-lps8-02; 1; 11; 125000; 34788
2023-07-31 14:14:22; hka-aqm-a112;  25.91;  43.77;   455;   892;  1068;   515;     1;    25;  -122;  -122;  -5.8; drag-lps8-02; 7; 11; 125000; 34789
2023-07-31 14:15:52; hka-aqm-a112;  25.94;  43.68;   451;   882;   914;   436;     1;    25;  -131;  -131; -15.8; drag-outd-01; 4; 11; 125000; 34790
2023-07-31 14:17:23; hka-aqm-a112;  25.98;  43.71;   448;   901;   722;   335;     1;    26;  -128;  -128; -14.5; drag-outd-01; 5; 11; 125000; 34791
2023-07-31 14:18:53; hka-aqm-a112;  25.92;  43.87;   453;   925;   777;   364;     0;    28;  -120;  -120;  -6.2; drag-lps8-02; 3; 11; 125000; 34792
2023-07-31 14:20:24; hka-aqm-a112;  25.98;  43.74;   452;   945;   550;   245;     1;    25;  -118;  -118;  -4.0; drag-outd-01; 0; 11; 125000; 34793
2023-07-31 14:21:54; hka-aqm-a112;  25.97;  43.71;   456;   957;   672;   309;     1;    20;  -117;  -117;  -4.0; drag-outd-01; 2; 11; 125000; 34794
2023-07-31 14:23:25; hka-aqm-a112;  25.95;  43.58;   455;   909;   733;   342;     2;    19;  -114;  -114;   2.8; drag-lps8-08; 6; 11; 125000; 34795
2023-07-31 14:24:55; hka-aqm-a112;  25.89;  43.74;   452;   935;   558;   249;     1;    20;  -117;  -117;   2.5; drag-lps8-08; 2; 11; 125000; 34796
2023-07-31 14:26:26; hka-aqm-a112;  25.99;  43.51;   453;   944;   691;   321;     2;    20;  -121;  -121;  -6.2; drag-outd-01; 0; 11; 125000; 34797
2023-07-31 14:27:56; hka-aqm-a112;  26.01;  43.45;   447;   930;   604;   277;     3;    19;  -115;  -115;   1.5; drag-lps8-08; 4; 11; 125000; 34798
2023-07-31 14:29:27; hka-aqm-a112;  26.02;  43.55;   440;   939;   480;   212;     1;    20;  -118;  -118;  -5.0; drag-outd-01; 5; 11; 125000; 34799
2023-07-31 14:30:57; hka-aqm-a112;  26.00;  43.55;   438;   891;   562;   252;     2;    20;  -119;  -119;  -6.0; drag-outd-01; 7; 11; 125000; 34800
2023-07-31 14:46:04; hka-aqm-a112;  25.91;  43.94;   435;   806;   550;   247;     3;    26;  -122;  -122;  -7.5; drag-lps8-02; 3; 11; 125000; 34801
2023-07-31 14:47:35; hka-aqm-a112;  25.94;  43.94;   433;   898;   659;   303;     3;    26;  -130;  -130; -12.5; drag-lps8-02; 1; 11; 125000; 34802
2023-07-31 14:49:40; hka-aqm-a112;  25.98;  43.87;   435;   916;   688;   318;     1;    24;  -121;  -121;  -7.2; drag-lps8-02; 3; 11; 125000; 34803
2023-07-31 14:51:11; hka-aqm-a112;  25.91;  43.81;   435;   925;   550;   248;     2;    22;  -119;  -119;   4.2; drag-lps8-08; 0; 11; 125000; 34804
2023-07-31 14:52:42; hka-aqm-a112;  25.93;  43.94;   448;   933;   546;   246;     1;    20;  -122;  -122;  -5.2; drag-lps8-02; 2; 11; 125000; 34805
2023-07-31 14:54:12; hka-aqm-a112;  25.97;  43.87;   451;   949;   551;   248;     1;    19;  -117;  -117;   1.5; drag-lps8-08; 6; 11; 125000; 34806
2023-07-31 14:56:00; hka-aqm-a112;  26.01;  43.90;   453;   875;   641;   293;     1;    20;  -116;  -116;   1.8; drag-lps8-08; 4; 11; 125000; 34807
2023-07-31 15:06:02; hka-aqm-a112;  26.02;  44.39;   459;   917;   544;   245;     2;    19;  -117;  -117;   2.0; drag-lps8-08; 7; 11; 125000; 34808
2023-07-31 15:21:09; hka-aqm-a112;  26.05;  44.42;   467;   875;   342;   140;     2;    20;  -125;  -125; -13.2; drag-outd-01; 5; 11; 125000; 34809
2023-07-31 15:36:16; hka-aqm-a112;  25.99;  44.39;   449;   777;   317;   130;     1;    21;  -125;  -125;  -8.0; drag-outd-01; 1; 11; 125000; 34810
2023-07-31 15:51:23; hka-aqm-a112;  25.96;  44.29;   441;   874;   343;   140;     3;    28;  -120;  -120;  -7.5; drag-outd-01; 7; 11; 125000; 34811
2023-07-31 16:06:30; hka-aqm-a112;  25.98;  44.49;   443;   932;   228;    86;     4;    28;  -115;  -115;   2.2; drag-lps8-08; 5; 11; 125000; 34812
2023-07-31 16:21:37; hka-aqm-a112;  26.04;  45.01;   443;   927;   179;    63;     3;    15;  -126;  -126;  -9.0; drag-lps8-02; 6; 11; 125000; 34813
2023-07-31 16:36:44; hka-aqm-a112;  25.96;  45.01;   443;   985;   326;   135;     4;    28;  -119;  -119;  -5.0; drag-lps8-02; 3; 11; 125000; 34814
2023-07-31 16:47:41; hka-aqm-a112;  26.02;  45.23;   440;  1730;   298;   121;     4;    28;  -120;  -120;  -5.5; drag-outd-01; 4; 11; 125000; 34815
2023-07-31 16:49:11; hka-aqm-a112;  25.98;  45.23;   439;  2448;   298;   121;     1;    17;  -117;  -117;  -3.0; drag-outd-01; 2; 11; 125000; 34816
2023-07-31 16:51:21; hka-aqm-a112;  26.04;  45.23;   441;  2612;   333;   139;     2;    18;  -119;  -119;  -2.2; drag-outd-01; 0; 11; 125000; 34817
2023-07-31 16:52:51; hka-aqm-a112;  26.09;  45.26;   440;  2383;   333;   139;     1;    15;  -117;  -117;   3.5; drag-lps8-08; 1; 11; 125000; 34818
2023-07-31 16:54:22; hka-aqm-a112;  26.04;  45.30;   441;  1787;   350;   148;     1;    13;  -126;  -126;  -8.5; drag-lps8-02; 6; 11; 125000; 34819
2023-07-31 17:03:41; hka-aqm-a112;  26.17;  45.23;   435;  1045;   408;   177;     2;    14;  -128;  -128;  -9.5; drag-lps8-02; 7; 11; 125000; 34820
2023-07-31 17:05:12; hka-aqm-a112;  26.10;  45.30;   440;  1058;   580;   266;     1;    11;  -111;  -111;   3.8; drag-lps8-08; 2; 11; 125000; 34821
2023-07-31 17:06:42; hka-aqm-a112;  26.11;  45.26;   439;  1030;   462;   202;     2;    12;  -115;  -115;   4.2; drag-lps8-08; 1; 11; 125000; 34822
2023-07-31 17:18:21; hka-aqm-a112;  26.19;  45.20;   436;  1012;   321;   134;     2;    15;  -115;  -115;   4.0; drag-lps8-08; 0; 11; 125000; 34824
2023-07-31 17:33:28; hka-aqm-a112;  26.11;  45.49;   424;   904;   161;    57;     2;    20;  -119;  -119;  -1.8; drag-outd-01; 3; 11; 125000; 34825
2023-07-31 17:48:35; hka-aqm-a112;  26.06;  45.85;   414;   931;   152;    50;     0;    14;  -118;  -118;  -4.2; drag-lps8-02; 4; 11; 125000; 34826
2023-07-31 18:03:42; hka-aqm-a112;  25.87;  47.62;   422;  1026;   149;    49;     4;    20;  -119;  -119;  -0.8; drag-outd-01; 3; 11; 125000; 34827
2023-07-31 18:18:49; hka-aqm-a112;  25.93;  47.94;   423;  1055;   131;    42;     4;    20;  -121;  -121;  -4.0; drag-lps8-02; 0; 11; 125000; 34828
2023-07-31 18:33:56; hka-aqm-a112;  25.81;  48.10;   421;   992;    85;    18;     3;    10;  -115;  -115;   1.5; drag-lps8-08; 4; 11; 125000; 34829
2023-07-31 18:49:03; hka-aqm-a112;  25.64;  48.83;   430;  1092;    76;    14;     4;    20;  -115;  -115;   4.5; drag-lps8-08; 2; 11; 125000; 34830
2023-07-31 19:04:10; hka-aqm-a112;  25.67;  48.96;   415;  1032;    88;    20;     4;    20;  -124;  -124;  -6.2; drag-lps8-02; 7; 11; 125000; 34831
2023-07-31 19:19:17; hka-aqm-a112;  25.63;  49.25;   419;  1186;    30;    13;     0;     0;  -119;  -119;  -9.8; drag-outd-01; 5; 11; 125000; 34832
2023-07-31 19:34:24; hka-aqm-a112;  25.44;  50.90;   419;  1091;    16;     5;     4;    20;  -113;  -113;   1.8; drag-lps8-08; 6; 11; 125000; 34833
2023-07-31 19:49:31; hka-aqm-a112;  25.28;  53.15;   421;  1159;    12;     3;     4;    20;  -117;  -117;   3.5; drag-outd-01; 1; 11; 125000; 34834
2023-07-31 20:04:40; hka-aqm-a112;  25.21;  53.72;   421;  1192;    18;     6;     4;    20;  -111;  -111;   5.2; drag-lps8-08; 2; 11; 125000; 34835
2023-07-31 20:19:47; hka-aqm-a112;  25.12;  54.72;   418;  1178;    19;     8;     4;    20;  -115;  -115;  -0.2; drag-outd-01; 6; 11; 125000; 34836
2023-07-31 20:34:54; hka-aqm-a112;  25.00;  55.32;   422;  1167;    11;     3;     1;     0;  -114;  -114;   2.5; drag-outd-01; 3; 11; 125000; 34837
2023-07-31 20:50:02; hka-aqm-a112;  24.95;  55.54;   428;  1193;     8;     1;     4;    20;  -124;  -124;  -5.5; drag-lps8-02; 0; 11; 125000; 34838
2023-07-31 21:05:09; hka-aqm-a112;  24.80;  56.26;   436;  1107;     8;     1;     4;    20;  -113;  -113;   3.2; drag-lps8-08; 7; 11; 125000; 34839
2023-07-31 21:20:16; hka-aqm-a112;  24.70;  56.73;   437;  1126;    10;     3;     1;     0;  -115;  -115;   3.5; drag-outd-01; 1; 11; 125000; 34840
2023-07-31 21:35:23; hka-aqm-a112;  24.68;  56.79;   440;  1127;     7;     1;     4;    20;  -120;  -120;  -5.0; drag-lps8-02; 5; 11; 125000; 34841
2023-07-31 21:50:30; hka-aqm-a112;  24.58;  57.10;   429;  1134;     9;     2;     4;    20;  -117;  -117;   0.5; drag-outd-01; 4; 11; 125000; 34842
2023-07-31 22:05:37; hka-aqm-a112;  24.62;  56.73;   429;  1129;     7;     1;     3;     0;  -116;  -116;  -2.0; drag-outd-01; 7; 11; 125000; 34843
2023-07-31 22:20:44; hka-aqm-a112;  24.62;  56.51;   440;  1155;     7;     1;     4;    20;  -120;  -120;  -4.5; drag-lps8-02; 3; 11; 125000; 34844
2023-07-31 22:35:51; hka-aqm-a112;  24.59;  56.51;   433;  1142;     7;     1;     3;     0;  -114;  -114;   2.0; drag-lps8-08; 5; 11; 125000; 34845
2023-07-31 22:51:01; hka-aqm-a112;  24.52;  56.73;   430;  1145;    10;     3;     4;    20;  -114;  -114;   1.0; drag-outd-01; 1; 11; 125000; 34846
2023-07-31 23:06:08; hka-aqm-a112;  24.44;  56.98;   431;  1159;    10;     3;     4;    20;  -126;  -126;  -6.8; drag-lps8-02; 0; 11; 125000; 34847
2023-07-31 23:21:15; hka-aqm-a112;  24.46;  57.16;   434;  1177;     7;     1;     2;     0;  -122;  -122;  -4.8; drag-lps8-02; 2; 11; 125000; 34848
2023-07-31 23:36:22; hka-aqm-a112;  24.50;  57.01;   435;  1100;     7;     1;     4;    20;  -114;  -114;  -5.0; drag-outd-01; 6; 11; 125000; 34849
2023-07-31 23:51:29; hka-aqm-a112;  24.49;  57.19;   440;  1134;     7;     1;     4;    20;  -119;  -119;  -2.2; drag-lps8-02; 4; 11; 125000; 34850
