# Logfile LoRaWAN TTN/TTS V3 logger version hka-log V 1.1
date_time;device_id;tmp;hum;CO2;VOC;vis;IR;WIFI;BLE;rssi;channel_rssi;snr;gateway;channel_index;spreading_factor;bandwidth;f_cnt
2023-03-25 00:14:29; hka-aqm-a101;  25.78;  34.32;   475;   726;     4;     0;     4;    41;  -116;  -116;  -3.5; drag-lps8-08; 6; 7; 125000; 7005
2023-03-25 00:29:35; hka-aqm-a101;  25.77;  34.16;   476;   726;     5;     1;     2;     0;  -115;  -115;   1.2; drag-outd-01; 3; 7; 125000; 7006
2023-03-25 00:44:41; hka-aqm-a101;  25.75;  33.99;   478;   711;     4;     0;     1;     0;  -117;  -117;  -4.8; drag-lps8-02; 2; 7; 125000; 7007
2023-03-25 00:59:49; hka-aqm-a101;  25.72;  34.06;   463;   695;     4;     0;     4;    41;  -114;  -114;  -1.5; drag-lps8-08; 5; 7; 125000; 7008
2023-03-25 01:14:55; hka-aqm-a101;  25.71;  33.66;   462;   692;     4;     0;     0;     0;  -113;  -113;   1.8; drag-lps8-02; 0; 7; 125000; 7009
2023-03-25 01:30:01; hka-aqm-a101;  25.68;  33.79;   459;   675;     4;     0;     1;     0;  -122;  -122;  -7.0; drag-lps8-07; 3; 7; 125000; 7010
2023-03-25 01:45:07; hka-aqm-a101;  25.77;  33.59;   461;   689;     4;     1;     4;    41;  -109;  -109;   5.5; drag-outd-01; 0; 7; 125000; 7011
2023-03-25 02:00:14; hka-aqm-a101;  25.75;  33.45;   453;   729;     4;     0;     0;     0;  -113;  -113;  -1.2; drag-lps8-08; 1; 7; 125000; 7012
2023-03-25 02:15:20; hka-aqm-a101;  25.66;  33.39;   455;   690;     4;     0;     1;     0;  -117;  -117;  -4.0; drag-outd-01; 5; 7; 125000; 7013
2023-03-25 02:30:28; hka-aqm-a101;  25.66;  33.52;   450;   693;     6;     2;     4;    41;  -122;  -122;  -4.8; drag-lps8-07; 4; 7; 125000; 7014
2023-03-25 02:45:34; hka-aqm-a101;  25.74;  33.12;   456;   628;     4;     0;     2;     0;  -118;  -118;  -2.5; drag-lps8-08; 7; 7; 125000; 7015
2023-03-25 03:00:40; hka-aqm-a101;  25.59;  33.39;   449;   709;     4;     0;     0;     0;  -121;  -121;  -8.0; drag-lps8-07; 2; 7; 125000; 7016
2023-03-25 03:15:47; hka-aqm-a101;  25.71;  32.92;   448;   691;     6;     2;     4;    41;  -122;  -122;  -9.2; drag-lps8-02; 6; 7; 125000; 7017
2023-03-25 03:30:53; hka-aqm-a101;  25.65;  33.02;   450;   713;     4;     0;     1;     0;  -118;  -118;  -4.5; drag-lps8-08; 3; 7; 125000; 7018
2023-03-25 03:45:59; hka-aqm-a101;  25.60;  32.85;   455;   728;     4;     0;     1;     0;  -114;  -114; nan; drag-lps8-08; 4; 7; 125000; 7019
2023-03-25 04:01:07; hka-aqm-a101;  25.53;  32.99;   445;   725;     4;     0;     4;    41;  -119;  -119;  -4.8; drag-lps8-02; 2; 7; 125000; 7020
2023-03-25 04:16:14; hka-aqm-a101;  25.51;  33.02;   445;   731;     4;     0;     1;     0;  -113;  -113;   4.5; drag-outd-01; 7; 7; 125000; 7021
2023-03-25 04:31:20; hka-aqm-a101;  25.48;  32.68;   448;   731;     6;     2;     1;     0;  -115;  -115;   2.2; drag-outd-01; 6; 7; 125000; 7022
2023-03-25 04:46:28; hka-aqm-a101;  25.45;  32.72;   445;   717;     4;     1;     4;    41;  -113;  -113;   1.0; drag-lps8-02; 5; 7; 125000; 7023
2023-03-25 05:01:34; hka-aqm-a101;  25.43;  32.82;   443;   733;     4;     0;     1;     0;  -115;  -115;   0.2; drag-lps8-08; 0; 7; 125000; 7024
2023-03-25 05:16:40; hka-aqm-a101;  25.47;  32.58;   441;   718;     4;     0;     0;     0;  -114;  -114;  -2.5; drag-lps8-08; 1; 7; 125000; 7025
2023-03-25 05:31:47; hka-aqm-a101;  25.41;  32.45;   441;   651;     4;     1;     4;    41;  -124;  -124;  -6.0; drag-lps8-07; 0; 7; 125000; 7026
2023-03-25 05:47:00; hka-aqm-a101;  25.45;  32.38;   443;   736;     4;     0;     1;     0;  -120;  -120;  -5.2; drag-lps8-02; 7; 7; 125000; 7028
2023-03-25 06:02:08; hka-aqm-a101;  25.42;  32.25;   456;   699;     4;     0;     4;    41;  -112;  -112;   1.2; drag-lps8-08; 5; 7; 125000; 7029
2023-03-25 06:17:14; hka-aqm-a101;  25.35;  32.25;   438;   708;     6;     2;     2;     0;  -113;  -113;   2.2; drag-outd-01; 6; 7; 125000; 7030
2023-03-25 06:32:20; hka-aqm-a101;  25.35;  32.31;   438;   732;     4;     1;     1;     0;  -122;  -122;  -6.5; drag-lps8-07; 4; 7; 125000; 7031
2023-03-25 06:47:27; hka-aqm-a101;  25.31;  32.11;   441;   737;     4;     1;     4;    41;  -123;  -123;  -8.0; drag-lps8-07; 1; 7; 125000; 7032
2023-03-25 07:02:33; hka-aqm-a101;  25.28;  32.11;   442;   723;     4;     0;     0;     0;  -110;  -110;  -0.5; drag-lps8-02; 3; 7; 125000; 7033
2023-03-25 07:17:39; hka-aqm-a101;  25.40;  31.84;   440;   734;     6;     2;     1;     0;  -120;  -120;  -7.0; drag-lps8-07; 2; 7; 125000; 7034
2023-03-25 07:32:48; hka-aqm-a101;  25.32;  31.91;   443;   637;     4;     0;     4;    41;  -112;  -112; nan; drag-lps8-08; 6; 7; 125000; 7035
2023-03-25 07:47:54; hka-aqm-a101;  25.28;  31.91;   438;   713;     6;     2;     1;     0;  -113;  -113;   1.2; drag-lps8-02; 4; 7; 125000; 7036
2023-03-25 08:03:01; hka-aqm-a101;  25.22;  31.91;   444;   714;     4;     0;     4;    41;  -123;  -123;  -6.0; drag-lps8-07; 7; 7; 125000; 7037
2023-03-25 08:18:07; hka-aqm-a101;  25.14;  32.01;   436;   709;     5;     1;     4;    41;  -119;  -119;  -6.2; drag-lps8-02; 1; 7; 125000; 7038
2023-03-25 08:33:13; hka-aqm-a101;  25.13;  31.78;   438;   725;     4;     0;     0;     0;  -113;  -113;   5.0; drag-outd-01; 0; 7; 125000; 7039
2023-03-25 08:48:19; hka-aqm-a101;  25.13;  31.74;   444;   727;     4;     1;     4;    41;  -112;  -112;   1.0; drag-lps8-02; 5; 7; 125000; 7040
2023-03-25 09:03:28; hka-aqm-a101;  25.13;  31.78;   442;   714;     4;     0;     4;    41;  -120;  -120;  -5.5; drag-lps8-07; 3; 7; 125000; 7041
2023-03-25 09:18:34; hka-aqm-a101;  25.06;  31.58;   441;   719;     4;     0;     1;     0;  -114;  -114;  -0.5; drag-outd-01; 0; 7; 125000; 7042
2023-03-25 09:33:40; hka-aqm-a101;  25.04;  31.74;   441;   726;     4;     0;     4;    41;  -109;  -109;   4.0; drag-outd-01; 2; 7; 125000; 7043
2023-03-25 09:48:48; hka-aqm-a101;  25.08;  31.58;   435;   734;     4;     0;     4;    41;  -120;  -120;  -5.5; drag-lps8-08; 3; 7; 125000; 7044
2023-03-25 10:03:54; hka-aqm-a101;  25.02;  31.81;   441;   720;     4;     0;     4;    41;  -120;  -120;  -5.8; drag-lps8-07; 5; 7; 125000; 7045
2023-03-25 10:19:00; hka-aqm-a101;  25.00;  31.64;   439;   728;     6;     2;     1;     0;  -117;  -117;  -4.2; drag-lps8-02; 1; 7; 125000; 7046
2023-03-25 10:34:08; hka-aqm-a101;  25.00;  31.78;   448;   724;     4;     1;     4;    41;  -113;  -113;   5.0; drag-outd-01; 7; 7; 125000; 7047
2023-03-25 10:49:14; hka-aqm-a101;  25.02;  31.81;   436;   725;     6;     2;     1;     0;  -114;  -114;   1.5; drag-lps8-08; 4; 7; 125000; 7048
2023-03-25 11:04:20; hka-aqm-a101;  25.00;  31.74;   439;   730;     6;     2;     4;    41;  -119;  -119;  -6.0; drag-lps8-02; 6; 7; 125000; 7049
2023-03-25 11:19:27; hka-aqm-a101;  25.03;  31.71;   440;   696;     4;     0;     4;    41;  -117;  -117;  -3.2; drag-lps8-08; 3; 7; 125000; 7050
2023-03-25 11:34:33; hka-aqm-a101;  24.96;  31.84;   439;   718;     4;     0;     1;     0;  -119;  -119;  -5.2; drag-lps8-08; 6; 7; 125000; 7051
2023-03-25 11:49:39; hka-aqm-a101;  24.86;  31.98;   436;   714;     4;     1;     4;    41;  -115;  -115; nan; drag-lps8-08; 7; 7; 125000; 7052
2023-03-25 12:04:47; hka-aqm-a101;  24.92;  31.84;   436;   746;     4;     0;     4;    41;  -109;  -109;   2.0; drag-outd-01; 1; 7; 125000; 7053
2023-03-25 12:19:53; hka-aqm-a101;  24.90;  31.91;   441;   722;     4;     0;     4;    41;  -120;  -120;  -4.8; drag-lps8-07; 4; 7; 125000; 7054
2023-03-25 12:34:59; hka-aqm-a101;  24.91;  31.84;   438;   738;     6;     2;     4;    41;  -120;  -120;  -5.8; drag-lps8-07; 5; 7; 125000; 7055
2023-03-25 12:50:07; hka-aqm-a101;  24.88;  31.98;   442;   701;     4;     1;     4;    41;  -112;  -112;  -0.5; drag-lps8-08; 2; 7; 125000; 7056
2023-03-25 13:05:14; hka-aqm-a101;  24.96;  31.78;   437;   719;     4;     0;     0;     0;  -117;  -117;   0.8; drag-lps8-08; 0; 7; 125000; 7057
2023-03-25 13:20:20; hka-aqm-a101;  24.88;  31.84;   439;   715;     4;     1;     4;    41;  -109;  -109;   6.0; drag-outd-01; 6; 7; 125000; 7058
2023-03-25 13:35:27; hka-aqm-a101;  24.87;  31.74;   435;   731;     5;     2;     2;     0;  -122;  -122;  -4.5; drag-lps8-07; 0; 7; 125000; 7059
2023-03-25 13:50:33; hka-aqm-a101;  24.92;  31.64;   441;   724;     4;     0;     4;    41;  -114;  -114;  -2.2; drag-lps8-02; 5; 7; 125000; 7060
2023-03-25 14:05:39; hka-aqm-a101;  24.78;  31.68;   440;   716;     6;     2;     1;     0;  -114;  -114;   0.2; drag-lps8-02; 4; 7; 125000; 7061
2023-03-25 14:20:47; hka-aqm-a101;  24.82;  31.51;   448;   709;     4;     0;     4;    41;  -117;  -117;  -4.2; drag-lps8-08; 3; 7; 125000; 7062
2023-03-25 14:35:54; hka-aqm-a101;  24.77;  31.51;   439;   712;     4;     0;     0;     0;  -113;  -113;   2.2; drag-lps8-02; 7; 7; 125000; 7063
2023-03-25 14:51:00; hka-aqm-a101;  24.74;  31.47;   437;   717;     4;     1;     4;    41;  -115;  -115;  -1.0; drag-lps8-08; 2; 7; 125000; 7064
2023-03-25 15:06:07; hka-aqm-a101;  24.73;  31.44;   436;   686;     4;     1;     4;    41;  -108;  -108;   5.2; drag-outd-01; 1; 7; 125000; 7065
2023-03-25 15:21:13; hka-aqm-a101;  24.86;  31.20;   447;   732;     4;     1;     4;    41;  -124;  -124;  -6.5; drag-lps8-07; 0; 7; 125000; 7066
2023-03-25 15:36:19; hka-aqm-a101;  24.76;  31.37;   439;   746;     4;     1;     4;    41;  -120;  -120;  -6.5; drag-lps8-07; 3; 7; 125000; 7067
2023-03-25 15:51:26; hka-aqm-a101;  24.76;  31.20;   437;   711;     4;     0;     4;    41;  -115;  -115;   0.2; drag-lps8-08; 7; 7; 125000; 7068
2023-03-25 16:06:33; hka-aqm-a101;  24.82;  31.24;   445;   769;     4;     0;     4;    41;  -112;  -112;   0.2; drag-lps8-02; 6; 7; 125000; 7069
2023-03-25 16:21:39; hka-aqm-a101;  24.81;  31.14;   436;   724;     4;     0;     4;    41;  -112;  -112;   3.5; drag-lps8-02; 4; 7; 125000; 7070
2023-03-25 16:36:47; hka-aqm-a101;  24.71;  31.04;   442;   714;     6;     2;     4;    41;  -119;  -119;  -6.0; drag-lps8-02; 2; 7; 125000; 7071
2023-03-25 16:51:53; hka-aqm-a101;  24.74;  30.90;   444;   720;     6;     2;     4;    41;  -118;  -118;  -4.8; drag-lps8-07; 1; 7; 125000; 7072
2023-03-25 17:07:00; hka-aqm-a101;  24.78;  30.90;   440;   730;     6;     2;     4;    41;  -112;  -112;   2.2; drag-lps8-02; 5; 7; 125000; 7073
2023-03-25 17:22:07; hka-aqm-a101;  24.68;  30.94;   448;   712;     4;     0;     4;    41;  -115;  -115;   2.2; drag-outd-01; 0; 7; 125000; 7074
2023-03-25 17:37:13; hka-aqm-a101;  24.77;  30.80;   442;   738;     4;     0;     4;    41;  -115;  -115; nan; drag-lps8-08; 4; 7; 125000; 7075
2023-03-25 17:52:20; hka-aqm-a101;  24.83;  30.60;   445;   717;     4;     1;     4;    41;  -114;  -114;   3.0; drag-outd-01; 6; 7; 125000; 7076
2023-03-25 18:07:27; hka-aqm-a101;  24.78;  30.43;   439;   744;     4;     0;     4;    41;  -116;  -116;   1.2; drag-outd-01; 3; 7; 125000; 7077
2023-03-25 18:22:33; hka-aqm-a101;  24.73;  30.46;   448;   735;     4;     1;     4;    41;  -112;  -112;   5.8; drag-outd-01; 7; 7; 125000; 7078
2023-03-25 18:37:40; hka-aqm-a101;  24.72;  30.43;   440;   765;     4;     0;     4;    41;  -118;  -118;  -5.2; drag-lps8-02; 1; 7; 125000; 7079
2023-03-25 18:52:47; hka-aqm-a101;  24.74;  30.40;   440;   733;     4;     0;     4;    41;  -117;  -117;  -1.8; drag-outd-01; 5; 7; 125000; 7080
2023-03-25 19:07:53; hka-aqm-a101;  24.66;  30.36;   440;   713;     4;     1;     4;    41;  -111;  -111;   4.2; drag-outd-01; 2; 7; 125000; 7081
2023-03-25 19:22:59; hka-aqm-a101;  24.72;  30.23;   443;   722;     4;     0;     1;     0;  -117;  -117;  -2.8; drag-lps8-08; 6; 7; 125000; 7082
2023-03-25 19:38:07; hka-aqm-a101;  24.70;  30.29;   443;   729;     4;     0;     4;    41;  -111;  -111;   5.8; drag-outd-01; 0; 7; 125000; 7083
2023-03-25 19:53:13; hka-aqm-a101;  24.65;  30.23;   449;   708;     4;     0;     4;    41;  -115;  -115;  -1.8; drag-lps8-02; 1; 7; 125000; 7084
2023-03-25 20:08:19; hka-aqm-a101;  24.73;  29.96;   441;   730;     4;     0;     4;    41;  -108;  -108;  -1.0; drag-lps8-02; 3; 7; 125000; 7085
2023-03-25 20:23:27; hka-aqm-a101;  24.68;  30.23;   444;   724;     4;     1;     4;    41;  -115;  -115;  -1.0; drag-lps8-08; 2; 7; 125000; 7086
2023-03-25 20:38:33; hka-aqm-a101;  24.72;  30.02;   445;   733;     4;     0;     4;    41;  -113;  -113;   2.0; drag-lps8-08; 5; 7; 125000; 7087
2023-03-25 20:53:40; hka-aqm-a101;  24.64;  30.23;   455;   717;     4;     1;     4;    41;  -117;  -117;  -2.8; drag-lps8-02; 7; 7; 125000; 7088
2023-03-25 21:08:46; hka-aqm-a101;  24.71;  30.09;   446;   732;     6;     2;     4;    41;  -114;  -114;   1.8; drag-lps8-08; 4; 7; 125000; 7089
2023-03-25 21:23:53; hka-aqm-a101;  24.67;  30.02;   448;   714;     4;     0;     4;    41;  -111;  -111;   5.2; drag-outd-01; 7; 7; 125000; 7090
2023-03-25 21:38:59; hka-aqm-a101;  24.72;  29.89;   442;   737;     4;     0;     4;    41;  -108;  -108;  -0.8; drag-lps8-02; 3; 7; 125000; 7091
2023-03-25 21:54:07; hka-aqm-a101;  24.70;  29.92;   450;   696;     4;     0;     4;    41;  -121;  -121;  -6.2; drag-lps8-07; 6; 7; 125000; 7092
2023-03-25 22:09:13; hka-aqm-a101;  24.68;  29.89;   451;   726;     4;     0;     4;    41;  -108;  -108;   5.8; drag-outd-01; 0; 7; 125000; 7093
2023-03-25 22:24:19; hka-aqm-a101;  24.64;  30.13;   446;   724;     4;     0;     4;    41;  -122;  -122;  -4.8; drag-lps8-07; 4; 7; 125000; 7094
2023-03-25 22:39:26; hka-aqm-a101;  24.78;  29.89;   448;   731;     4;     1;     4;    41;  -118;  -118;  -3.5; drag-lps8-02; 2; 7; 125000; 7095
2023-03-25 22:54:33; hka-aqm-a101;  24.67;  30.09;   441;   748;     4;     1;     4;    41;  -120;  -120;  -5.5; drag-outd-01; 5; 7; 125000; 7096
2023-03-25 23:09:39; hka-aqm-a101;  24.67;  30.09;   442;   743;     4;     1;     4;    41;  -115;  -115;  -2.2; drag-lps8-08; 1; 7; 125000; 7097
2023-03-25 23:24:47; hka-aqm-a101;  24.71;  30.02;   450;   732;     4;     0;     4;    41;  -113;  -113;   3.8; drag-outd-01; 2; 7; 125000; 7098
2023-03-25 23:39:53; hka-aqm-a101;  24.74;  29.96;   443;   733;     4;     0;     4;    41;  -111;  -111;   2.0; drag-lps8-02; 5; 7; 125000; 7099
2023-03-25 23:54:59; hka-aqm-a101;  24.70;  30.13;   441;   736;     4;     0;     4;    41;  -122;  -122;  -6.5; drag-lps8-07; 1; 7; 125000; 7100
