# Logfile LoRaWAN TTN/TTS V3 logger version hka-log V 1.1
date_time;device_id;tmp;hum;CO2;VOC;vis;IR;WIFI;BLE;rssi;channel_rssi;snr;gateway;channel_index;spreading_factor;bandwidth;f_cnt
2023-02-17 00:14:36; hka-aqm-a107;  19.06;  33.96;   533;   640;    10;     3;     1;     0;  -115;  -115;   2.2; drag-outd-01; 3; 8; 125000; 3507
2023-02-17 00:29:42; hka-aqm-a107;  19.00;  34.02;   527;   637;     8;     1;     0;     0;  -126;  -126;  -7.2; drag-outd-01; 5; 8; 125000; 3508
2023-02-17 00:44:49; hka-aqm-a107;  18.94;  34.12;   518;   618;     9;     2;     4;    31;  -117;  -117;  -3.0; drag-lps8-07; 7; 8; 125000; 3509
2023-02-17 00:59:56; hka-aqm-a107;  18.92;  34.12;   510;   615;     8;     1;     1;     0;  -123;  -123;  -3.2; drag-outd-01; 0; 8; 125000; 3510
2023-02-17 01:15:02; hka-aqm-a107;  18.90;  34.19;   504;   594;     8;     1;     1;     0;  -127;  -127;  -9.8; drag-lps8-08; 2; 8; 125000; 3511
2023-02-17 01:30:09; hka-aqm-a107;  18.86;  34.19;   495;   582;     7;     1;     4;    31;  -118;  -118;  -4.2; drag-lps8-07; 1; 8; 125000; 3512
2023-02-17 01:45:15; hka-aqm-a107;  18.81;  34.32;   497;   615;     8;     1;     4;    31;  -128;  -128;  -8.8; drag-lps8-08; 4; 8; 125000; 3513
2023-02-17 02:00:21; hka-aqm-a107;  18.78;  34.32;   492;   570;     8;     1;     1;     0;  -118;  -118;  -4.0; drag-lps8-07; 6; 8; 125000; 3514
2023-02-17 02:15:30; hka-aqm-a107;  18.76;  34.39;   490;   594;     8;     1;     4;    31;  -118;  -118;   0.2; drag-outd-01; 4; 8; 125000; 3515
2023-02-17 02:30:36; hka-aqm-a107;  18.72;  34.46;   475;   569;     8;     1;     2;     0;  -115;  -115;  -3.2; drag-lps8-07; 1; 8; 125000; 3516
2023-02-17 02:45:42; hka-aqm-a107;  18.70;  34.52;   479;   624;     8;     1;     1;     0;  -122;  -122;  -4.2; drag-outd-01; 5; 8; 125000; 3517
2023-02-17 03:00:48; hka-aqm-a107;  18.69;  34.49;   469;   568;     8;     1;     4;    31;  -118;  -118;  -3.5; drag-lps8-07; 7; 8; 125000; 3518
2023-02-17 03:15:55; hka-aqm-a107;  18.66;  34.59;   469;   583;    10;     3;     4;    31;  -115;  -115;   3.5; drag-outd-01; 3; 8; 125000; 3519
2023-02-17 03:31:01; hka-aqm-a107;  18.60;  34.66;   473;   564;     8;     1;     1;     0;  -127;  -127; -10.2; drag-lps8-02; 2; 8; 125000; 3520
2023-02-17 03:46:09; hka-aqm-a107;  18.62;  34.59;   470;   555;     8;     1;     4;    31;  -126;  -126; -11.0; drag-lps8-08; 6; 8; 125000; 3521
2023-02-17 04:01:16; hka-aqm-a107;  18.61;  34.62;   469;   585;     8;     1;     1;     0;  -116;  -116;  -2.2; drag-lps8-07; 0; 8; 125000; 3522
2023-02-17 04:16:22; hka-aqm-a107;  18.58;  34.72;   457;   590;     8;     1;     0;     0;  -118;  -118;  -4.2; drag-lps8-07; 1; 8; 125000; 3523
2023-02-17 04:31:29; hka-aqm-a107;  18.56;  34.72;   454;   590;     8;     1;     4;    31;  -118;  -118;  -4.5; drag-lps8-07; 2; 8; 125000; 3524
2023-02-17 04:46:36; hka-aqm-a107;  18.55;  34.79;   459;   615;     8;     1;     2;     0;  -115;  -115;  -1.8; drag-lps8-07; 3; 8; 125000; 3525
2023-02-17 05:01:42; hka-aqm-a107;  18.57;  34.79;   451;   564;     8;     1;     0;     0;  -120;  -120;  -3.2; drag-lps8-07; 0; 8; 125000; 3526
2023-02-17 05:16:49; hka-aqm-a107;  18.52;  34.89;   453;   607;    10;     3;     4;    31;  -127;  -127;  -9.0; drag-lps8-08; 5; 8; 125000; 3527
2023-02-17 05:31:56; hka-aqm-a107;  18.52;  34.92;   447;   584;     8;     1;     1;     0;  -117;  -117;  -3.0; drag-lps8-07; 6; 8; 125000; 3528
2023-02-17 05:47:02; hka-aqm-a107;  18.52;  35.02;   456;   594;    10;     3;     2;     0;  -115;  -115;  -1.2; drag-lps8-07; 4; 8; 125000; 3529
2023-02-17 06:02:09; hka-aqm-a107;  18.49;  35.09;   452;   634;     8;     1;     4;    31;  -131;  -131; -10.0; drag-outd-01; 7; 8; 125000; 3530
2023-02-17 06:17:16; hka-aqm-a107;  18.48;  35.19;   445;   605;     8;     1;     0;     0;  -127;  -127;  -8.8; drag-lps8-08; 4; 8; 125000; 3531
2023-02-17 06:32:22; hka-aqm-a107;  19.41;  35.19;   438;   626;     9;     1;     1;     0;  -114;  -114;   0.5; drag-outd-01; 1; 8; 125000; 3532
2023-02-17 06:47:28; hka-aqm-a107;  19.12;  35.76;   442;   636;    11;     3;     4;    31;  -118;  -118;  -5.5; drag-lps8-07; 6; 8; 125000; 3533
2023-02-17 07:02:34; hka-aqm-a107;  18.92;  36.12;   459;   655;     8;     1;     0;     0;  -123;  -123;  -5.2; drag-lps8-07; 0; 8; 125000; 3534
2023-02-17 07:17:41; hka-aqm-a107;  18.71;  36.45;   445;   640;    11;     3;     1;     0;  -118;  -118;  -6.8; drag-outd-01; 5; 8; 125000; 3535
2023-02-17 07:32:49; hka-aqm-a107;  18.60;  36.89;   445;   651;    10;     1;     4;    31;  -115;  -115;  -0.2; drag-outd-01; 2; 8; 125000; 3536
2023-02-17 07:47:55; hka-aqm-a107;  18.56;  36.92;   442;   659;    13;     2;     0;     0;  -118;  -118;  -4.0; drag-lps8-07; 3; 8; 125000; 3537
2023-02-17 08:03:02; hka-aqm-a107;  18.52;  37.18;   451;   642;    19;     3;     1;     0;  -122;  -122;  -7.5; drag-lps8-07; 7; 8; 125000; 3538
2023-02-17 08:18:09; hka-aqm-a107;  18.51;  37.35;   451;   667;    40;    10;     4;    31;  -123;  -123;  -8.2; drag-lps8-07; 5; 8; 125000; 3539
2023-02-17 08:33:15; hka-aqm-a107;  18.65;  37.05;   454;   681;    44;     9;     1;     0;  -127;  -127;  -9.0; drag-lps8-02; 0; 8; 125000; 3540
2023-02-17 09:03:29; hka-aqm-a107;  19.33;  36.45;   462;   702;    36;     8;     4;    31;  -115;  -115;   0.5; drag-outd-01; 4; 8; 125000; 3542
2023-02-17 09:18:35; hka-aqm-a107;  19.64;  36.12;   478;   706;    42;     8;     1;     9;  -128;  -128;  -8.5; drag-lps8-02; 7; 8; 125000; 3543
2023-02-17 09:33:41; hka-aqm-a107;  19.92;  36.12;   482;   715;    78;    17;     1;     9;  -115;  -115;   1.8; drag-outd-01; 3; 8; 125000; 3544
2023-02-17 09:48:48; hka-aqm-a107;  20.21;  35.92;   488;   728;   159;    36;     4;    31;  -131;  -131; -12.2; drag-outd-01; 2; 8; 125000; 3545
2023-02-17 10:03:54; hka-aqm-a107;  20.36;  35.39;   499;   774;   161;    39;     2;    12;  -119;  -119;  -2.0; drag-outd-01; 6; 8; 125000; 3546
2023-02-17 10:19:00; hka-aqm-a107;  20.56;  35.59;   507;   733;    77;    17;     1;     7;  -114;  -114;   3.2; drag-outd-01; 3; 8; 125000; 3547
2023-02-17 10:34:09; hka-aqm-a107;  20.81;  35.39;   518;   726;    83;    20;     4;    31;  -128;  -128;  -9.0; drag-outd-01; 2; 8; 125000; 3548
2023-02-17 10:49:15; hka-aqm-a107;  20.92;  35.39;   524;   795;   105;    23;     1;    15;  -128;  -128;  -9.5; drag-lps8-02; 7; 8; 125000; 3549
2023-02-17 11:04:21; hka-aqm-a107;  21.12;  35.26;   541;   709;   153;    30;     1;    17;  -122;  -122; -10.0; drag-lps8-02; 5; 8; 125000; 3550
2023-02-17 11:19:29; hka-aqm-a107;  21.37;  35.46;   584;   775;   122;    28;     4;    31;  -121;  -121;  -2.8; drag-outd-01; 6; 8; 125000; 3551
2023-02-17 11:34:35; hka-aqm-a107;  21.49;  35.36;   583;   784;   168;    38;     0;    14;  -130;  -130;  -9.5; drag-outd-01; 0; 8; 125000; 3552
2023-02-17 11:49:41; hka-aqm-a107;  21.58;  35.32;   577;   776;   195;    44;     0;    17;  -119;  -119;  -2.2; drag-outd-01; 4; 8; 125000; 3553
2023-02-17 12:19:54; hka-aqm-a107;  21.76;  35.06;   581;   774;   315;    71;     1;     6;  -126;  -126;  -6.8; drag-lps8-08; 0; 8; 125000; 3555
2023-02-17 12:35:01; hka-aqm-a107;  21.94;  35.06;   583;   744;   170;    38;     1;    12;  -124;  -124;  -5.8; drag-outd-01; 1; 8; 125000; 3556
2023-02-17 12:50:08; hka-aqm-a107;  22.00;  34.99;   576;   825;   205;    48;     4;    31;  -117;  -117;  -1.0; drag-outd-01; 6; 8; 125000; 3557
2023-02-17 13:05:14; hka-aqm-a107;  22.07;  34.86;   581;   793;   251;    57;     0;     9;  -118;  -118;  -0.5; drag-outd-01; 4; 8; 125000; 3558
2023-02-17 13:20:21; hka-aqm-a107;  22.26;  34.86;   573;   777;   394;    87;     4;     9;  -130;  -130; -12.2; drag-lps8-08; 5; 8; 125000; 3559
2023-02-17 13:35:27; hka-aqm-a107;  22.32;  34.86;   566;   785;   385;    84;     4;    31;  -124;  -124; -10.0; drag-lps8-02; 3; 8; 125000; 3560
2023-02-17 13:50:34; hka-aqm-a107;  22.44;  34.86;   564;   805;   340;    73;     0;     9;  -120;  -120;  -2.0; drag-outd-01; 7; 8; 125000; 3561
2023-02-17 14:05:40; hka-aqm-a107;  22.50;  34.89;   570;   844;   363;    78;     1;    16;  -124;  -124;  -6.5; drag-outd-01; 2; 8; 125000; 3562
2023-02-17 14:20:49; hka-aqm-a107;  22.59;  34.72;   583;   850;   226;    50;     4;    31;  -130;  -130; -10.2; drag-lps8-08; 0; 8; 125000; 3563
2023-02-17 14:33:48; hka-aqm-a107;  22.64;  38.18;   640;   827;   227;    46;     4;    31;  -120;  -120;  -0.8; drag-outd-01; 3; 8; 125000; 3564
2023-02-17 14:34:08; hka-aqm-a107;  22.66;  36.45;   714;   880;   223;    46;     1;    24;  -126;  -126;  -6.5; drag-lps8-02; 5; 8; 125000; 3565
2023-02-17 14:34:28; hka-aqm-a107;  22.66;  35.82;   761;   935;   233;    50;     0;    22;  -128;  -128;  -9.5; drag-lps8-08; 7; 8; 125000; 3566
2023-02-17 14:38:06; hka-aqm-a107;  22.70;  36.06;   723;   890;   175;    35;     2;    28;  -127;  -127;  -9.2; drag-outd-01; 1; 8; 125000; 3567
2023-02-17 14:53:12; hka-aqm-a107;  22.95;  37.45;   796;  1126;   180;    37;     1;    20;  -125;  -125;  -6.0; drag-outd-01; 6; 8; 125000; 3568
2023-02-17 15:08:19; hka-aqm-a107;  23.17;  39.23;   970;  1349;   131;    25;     2;    23;  -121;  -121;  -6.0; drag-lps8-02; 4; 8; 125000; 3569
2023-02-17 15:23:25; hka-aqm-a107;  23.30;  39.62;  1113;  1541;   145;    28;     0;    23;  -128;  -128;  -8.2; drag-outd-01; 2; 8; 125000; 3570
2023-02-17 15:38:31; hka-aqm-a107;  23.40;  39.69;  1220;  1698;    90;    16;     6;    40;  -122;  -122;  -2.5; drag-outd-01; 0; 8; 125000; 3571
2023-02-17 15:48:27; hka-aqm-a107;  23.16;  39.66;  1162;  1726;    86;    15;     6;    40;  -127;  -127;  -8.2; drag-outd-01; 6; 8; 125000; 3572
2023-02-17 16:03:34; hka-aqm-a107;  23.05;  39.16;  1044;  1552;    68;    15;     1;    27;  -122;  -122;  -4.5; drag-lps8-02; 4; 8; 125000; 3573
2023-02-17 16:18:40; hka-aqm-a107;  23.12;  38.24;   960;  1459;    76;    13;     2;    31;  -127;  -127;  -9.0; drag-lps8-02; 7; 8; 125000; 3574
2023-02-17 16:33:48; hka-aqm-a107;  23.27;  38.70;   987;  1552;    79;    14;     4;    41;  -119;  -119;  -1.2; drag-outd-01; 1; 8; 125000; 3575
2023-02-17 16:48:54; hka-aqm-a107;  23.61;  38.01;   933;  1482;    85;    15;     1;    20;  -116;  -116;   0.8; drag-outd-01; 3; 8; 125000; 3576
2023-02-17 17:04:01; hka-aqm-a107;  23.88;  37.58;   923;  1590;    77;    13;     1;    28;  -114;  -114;  -5.2; drag-lps8-07; 2; 8; 125000; 3577
2023-02-17 17:05:07; hka-aqm-a107;  23.87;  37.48;   922;  1949;    72;    12;     4;    41;  -112;  -112;  -3.2; drag-lps8-07; 5; 8; 125000; 3578
2023-02-17 17:05:46; hka-aqm-a107;  23.89;  37.55;   927;  2164;    74;    14;     1;    25;  -112;  -112;  -3.5; drag-lps8-07; 5; 8; 125000; 3580
2023-02-17 17:06:06; hka-aqm-a107;  23.89;  37.45;   928;  2335;    70;    12;     3;    25;  -114;  -114;  -6.0; drag-lps8-07; 2; 8; 125000; 3581
2023-02-17 17:21:12; hka-aqm-a107;  24.05;  37.45;   946;  2109;    57;     9;     1;    26;  -116;  -116;  -3.8; drag-lps8-07; 6; 8; 125000; 3582
2023-02-17 17:36:18; hka-aqm-a107;  23.96;  36.79;   870;  1607;    52;     7;     1;    17;  -129;  -129; -10.2; drag-outd-01; 7; 8; 125000; 3583
2023-02-17 17:51:25; hka-aqm-a107;  23.64;  37.05;   803;  1315;    51;     7;     1;    16;  -124;  -124;  -9.0; drag-lps8-07; 1; 8; 125000; 3584
2023-02-17 18:01:08; hka-aqm-a107;  23.63;  37.55;   825;  1336;    41;     6;     4;    31;  -130;  -130; -10.5; drag-outd-01; 0; 8; 125000; 3585
2023-02-17 18:02:27; hka-aqm-a107;  23.66;  37.45;   863;  1701;    44;     8;     1;    21;  -124;  -124;  -9.2; drag-lps8-02; 4; 8; 125000; 3586
2023-02-17 18:02:48; hka-aqm-a107;  23.66;  37.28;   858;  1992;    43;     6;     0;    21;  -124;  -124; -10.5; drag-lps8-07; 1; 8; 125000; 3587
2023-02-17 18:03:08; hka-aqm-a107;  23.65;  37.15;   852;  2278;    43;     6;     1;    21;  -123;  -123;  -8.0; drag-lps8-07; 0; 8; 125000; 3588
2023-02-17 18:03:46; hka-aqm-a107;  23.67;  37.05;   849;  2550;    43;     6;     1;    19;  -124;  -124; -11.0; drag-lps8-07; 3; 8; 125000; 3589
2023-02-17 18:04:46; hka-aqm-a107;  23.65;  36.82;   833;  2465;    20;     3;     2;    20;  -122;  -122;  -8.0; drag-lps8-07; 6; 8; 125000; 3590
2023-02-17 18:05:07; hka-aqm-a107;  23.66;  36.95;   818;  2240;    22;     6;     1;    14;  -117;  -117;   1.8; drag-outd-01; 4; 8; 125000; 3591
2023-02-17 18:05:27; hka-aqm-a107;  23.64;  36.72;   807;  2073;    19;     3;     1;    14;  -121;  -121;  -6.8; drag-lps8-07; 5; 8; 125000; 3592
2023-02-17 18:06:06; hka-aqm-a107;  23.64;  36.75;   800;  1892;    22;     6;     1;    13;  -124;  -124;  -5.8; drag-outd-01; 7; 8; 125000; 3593
2023-02-17 18:21:12; hka-aqm-a107;  23.60;  36.65;   753;  1332;    19;     3;     1;    12;  -127;  -127;  -9.8; drag-lps8-08; 2; 8; 125000; 3594
2023-02-17 18:36:18; hka-aqm-a107;  23.49;  36.62;   720;  1245;    19;     3;     1;    14;  -123;  -123;  -5.8; drag-lps8-07; 0; 8; 125000; 3595
2023-02-17 18:51:25; hka-aqm-a107;  23.28;  36.85;   714;  1170;    19;     3;     0;     5;  -122;  -122;  -8.5; drag-lps8-07; 2; 8; 125000; 3596
2023-02-17 19:06:31; hka-aqm-a107;  23.02;  37.08;   702;  1125;     8;     1;     3;    19;  -122;  -122;  -3.8; drag-outd-01; 1; 8; 125000; 3597
2023-02-17 19:21:37; hka-aqm-a107;  22.78;  37.32;   685;  1105;     8;     1;     1;     2;  -123;  -123;  -4.2; drag-outd-01; 4; 8; 125000; 3598
2023-02-17 19:36:44; hka-aqm-a107;  22.53;  37.55;   657;  1037;     8;     1;     0;     2;  -126;  -126;  -7.0; drag-outd-01; 6; 8; 125000; 3599
2023-02-17 19:51:50; hka-aqm-a107;  22.26;  37.91;   636;   994;    10;     3;     3;    19;  -122;  -122;  -7.8; drag-lps8-07; 5; 8; 125000; 3600
2023-02-17 20:06:56; hka-aqm-a107;  22.08;  38.14;   626;  1034;     8;     1;     1;     0;  -131;  -131; -10.2; drag-outd-01; 7; 8; 125000; 3601
2023-02-17 20:22:02; hka-aqm-a107;  21.90;  38.37;   610;   891;     8;     1;     2;     0;  -116;  -116;   1.2; drag-outd-01; 3; 8; 125000; 3602
2023-02-17 20:37:09; hka-aqm-a107;  21.76;  38.34;   594;   861;     7;     1;     3;    19;  -115;  -115;  -0.8; drag-lps8-07; 5; 8; 125000; 3603
2023-02-17 20:52:15; hka-aqm-a107;  21.63;  38.57;   586;   844;     8;     1;     1;     0;  -120;  -120;  -2.0; drag-outd-01; 4; 8; 125000; 3604
2023-02-17 21:07:21; hka-aqm-a107;  21.50;  38.57;   572;   798;     7;     1;     1;     0;  -125;  -125;  -5.8; drag-outd-01; 1; 8; 125000; 3605
2023-02-17 21:22:28; hka-aqm-a107;  21.36;  38.83;   560;   799;    10;     3;     3;    19;  -121;  -121;  -3.0; drag-outd-01; 0; 8; 125000; 3606
2023-02-17 21:37:34; hka-aqm-a107;  21.24;  39.10;   556;   765;     7;     1;     0;     0;  -116;  -116;  -1.5; drag-lps8-07; 7; 8; 125000; 3607
2023-02-17 21:52:40; hka-aqm-a107;  21.12;  39.16;   541;   748;     7;     1;     1;     0;  -114;  -114;  -0.5; drag-lps8-07; 3; 8; 125000; 3608
2023-02-17 22:07:48; hka-aqm-a107;  21.03;  39.23;   534;   741;     8;     1;     3;    19;  -114;  -114;  -2.5; drag-lps8-07; 6; 8; 125000; 3609
2023-02-17 22:22:54; hka-aqm-a107;  20.94;  39.23;   531;   738;    10;     3;     0;     0;  -121;  -121;  -2.8; drag-outd-01; 2; 8; 125000; 3610
2023-02-17 22:38:01; hka-aqm-a107;  20.90;  39.33;   519;   727;     7;     1;     0;     0;  -115;  -115;  -1.2; drag-lps8-07; 7; 8; 125000; 3611
2023-02-17 22:53:08; hka-aqm-a107;  20.84;  39.43;   523;   718;    10;     3;     3;    19;  -125;  -125;  -5.8; drag-outd-01; 0; 8; 125000; 3612
2023-02-17 23:08:14; hka-aqm-a107;  20.77;  39.33;   516;   698;     7;     1;     2;     0;  -123;  -123;  -4.2; drag-outd-01; 4; 8; 125000; 3613
2023-02-17 23:23:21; hka-aqm-a107;  20.70;  39.43;   509;   708;    10;     3;     0;     0;  -117;  -117;   1.8; drag-outd-01; 3; 8; 125000; 3614
2023-02-17 23:38:28; hka-aqm-a107;  20.64;  39.49;   501;   667;     8;     1;     3;    19;  -130;  -130; -11.5; drag-lps8-08; 5; 8; 125000; 3615
2023-02-17 23:53:34; hka-aqm-a107;  20.57;  39.59;   498;   658;    10;     3;     2;     0;  -122;  -122;  -4.8; drag-outd-01; 1; 8; 125000; 3616
