# Logfile LoRaWAN TTN/TTS V3 logger version hka-log V 1.1
date_time;device_id;tmp;hum;CO2;VOC;vis;IR;WIFI;BLE;rssi;channel_rssi;snr;gateway;channel_index;spreading_factor;bandwidth;f_cnt
2022-10-13 00:08:49; hka-aqm-a107;  24.87;  38.57;   441;   662;     7;     1;     1;     0;   -54;   -54;   7.0; drag-lps8-01; 5; 7; 125000; 278
2022-10-13 00:23:56; hka-aqm-a107;  24.89;  38.47;   441;   700;     7;     1;     1;     0;   -54;   -54;   8.5; drag-lps8-01; 6; 7; 125000; 279
2022-10-13 00:39:02; hka-aqm-a107;  24.84;  38.64;   446;   693;     7;     1;     1;     0;   -55;   -55;   8.0; drag-lps8-01; 7; 7; 125000; 280
2022-10-13 00:54:09; hka-aqm-a107;  24.86;  38.70;   453;   709;     7;     1;     1;     0;   -55;   -55;   9.8; drag-lps8-01; 3; 7; 125000; 281
2022-10-13 01:09:16; hka-aqm-a107;  24.81;  38.77;   438;   675;     7;     1;     1;     0;   -53;   -53;   6.5; drag-lps8-01; 5; 7; 125000; 282
2022-10-13 01:24:22; hka-aqm-a107;  24.80;  38.93;   440;   662;    10;     3;     1;     0;   -57;   -57;   9.8; drag-lps8-01; 0; 7; 125000; 283
2022-10-13 01:39:29; hka-aqm-a107;  24.80;  39.82;   435;   673;     7;     1;     1;     0;   -54;   -54;   8.0; drag-lps8-01; 3; 7; 125000; 284
2022-10-13 01:54:42; hka-aqm-a107;  24.78;  40.64;   429;   665;    10;     3;     1;     0;   -55;   -55;   9.2; drag-lps8-01; 7; 7; 125000; 286
2022-10-13 02:09:49; hka-aqm-a107;  24.80;  40.48;   429;   665;     7;     1;     1;     0;   -57;   -57;   9.5; drag-lps8-01; 6; 7; 125000; 287
2022-10-13 02:25:02; hka-aqm-a107;  24.83;  40.28;   433;   648;     9;     3;     0;     0;   -60;   -60;   6.2; drag-lps8-01; 2; 7; 125000; 289
2022-10-13 02:40:09; hka-aqm-a107;  24.80;  39.85;   438;   638;     7;     1;     1;     0;   -52;   -52;   6.5; drag-lps8-01; 5; 7; 125000; 290
2022-10-13 02:55:15; hka-aqm-a107;  24.80;  39.36;   432;   657;    10;     3;     1;     0;   -53;   -53;   9.5; drag-lps8-01; 4; 7; 125000; 291
2022-10-13 03:10:29; hka-aqm-a107;  24.76;  38.93;   431;   679;     7;     1;     1;     0;   -54;   -54;   8.5; drag-lps8-01; 0; 7; 125000; 293
2022-10-13 03:25:35; hka-aqm-a107;  24.74;  38.44;   433;   645;     7;     1;     1;     0;   -53;   -53;   8.8; drag-lps8-01; 3; 7; 125000; 294
2022-10-13 03:40:41; hka-aqm-a107;  24.72;  37.98;   434;   645;    10;     3;     0;     0;   -51;   -51;   8.5; drag-lps8-01; 1; 7; 125000; 295
2022-10-13 03:55:48; hka-aqm-a107;  24.73;  37.58;   430;   618;    10;     3;     1;     0;   -52;   -52;   7.5; drag-lps8-01; 7; 7; 125000; 296
2022-10-13 04:10:55; hka-aqm-a107;  24.73;  37.68;   433;   594;     7;     1;     1;     0;   -52;   -52;   7.8; drag-lps8-01; 6; 7; 125000; 297
2022-10-13 04:26:01; hka-aqm-a107;  24.68;  37.81;   435;   575;     7;     1;     1;     0;   -54;   -54;  10.0; drag-lps8-01; 0; 7; 125000; 298
2022-10-13 04:41:09; hka-aqm-a107;  24.68;  37.98;   447;   568;     7;     1;     1;     0;   -54;   -54;   9.2; drag-lps8-01; 7; 7; 125000; 299
2022-10-13 04:56:15; hka-aqm-a107;  24.66;  38.18;   444;   594;     7;     1;     1;     0;   -53;   -53;   8.5; drag-lps8-01; 3; 7; 125000; 300
2022-10-13 05:11:22; hka-aqm-a107;  24.67;  38.31;   446;   610;     7;     1;     1;     0;   -51;   -51;   9.0; drag-lps8-01; 4; 7; 125000; 301
2022-10-13 05:26:29; hka-aqm-a107;  24.65;  38.44;   444;   608;    10;     3;     1;     0;   -52;   -52;   7.5; drag-lps8-01; 5; 7; 125000; 302
2022-10-13 05:41:35; hka-aqm-a107;  24.64;  38.51;   453;   612;     7;     1;     1;     0;   -53;   -53;   9.0; drag-lps8-01; 1; 7; 125000; 303
2022-10-13 05:56:42; hka-aqm-a107;  24.64;  38.41;   447;   635;     7;     1;     0;     0;   -51;   -51;   8.2; drag-lps8-01; 6; 7; 125000; 304
2022-10-13 05:57:47; hka-aqm-a107;  24.63;  38.37;   447;   627;   382;    73;     1;     0;   -52;   -52;   6.8; drag-lps8-01; 2; 7; 125000; 305
2022-10-13 06:01:46; hka-aqm-a107;  24.64;  38.34;   461;   621;     7;     1;     1;     0;   -60;   -60;   9.0; drag-lps8-01; 0; 7; 125000; 306
2022-10-13 06:16:53; hka-aqm-a107;  24.64;  38.27;   457;   632;     7;     1;     1;     0;   -57;   -57;   6.2; drag-lps8-01; 5; 7; 125000; 307
2022-10-13 06:31:59; hka-aqm-a107;  24.79;  37.84;   462;   644;     7;     1;     1;     0;   -56;   -56;   7.2; drag-lps8-01; 7; 7; 125000; 308
2022-10-13 06:47:05; hka-aqm-a107;  24.74;  37.81;   470;   610;    10;     3;     0;     0;   -58;   -58;   9.2; drag-lps8-01; 1; 7; 125000; 309
2022-10-13 07:02:11; hka-aqm-a107;  24.73;  37.78;   468;   597;     7;     1;     1;     0;   -58;   -58;   6.8; drag-lps8-01; 2; 7; 125000; 310
2022-10-13 07:17:18; hka-aqm-a107;  24.69;  37.84;   453;   591;    10;     3;     1;     0;   -57;   -57;   9.5; drag-lps8-01; 3; 7; 125000; 311
2022-10-13 07:47:30; hka-aqm-a107;  24.66;  37.81;   472;   638;     7;     1;     1;     0;   -57;   -57;   9.0; drag-lps8-01; 6; 7; 125000; 313
2022-10-13 08:02:43; hka-aqm-a107;  24.71;  37.75;   480;   710;     7;     1;     0;     0;   -60;   -60;   8.2; drag-lps8-01; 0; 7; 125000; 315
2022-10-13 08:17:56; hka-aqm-a107;  24.62;  38.18;   522;   785;     7;     1;     1;     0;   -55;   -55;   8.2; drag-lps8-01; 4; 7; 125000; 317
2022-10-13 08:33:09; hka-aqm-a107;  24.61;  38.67;   521;   869;     7;     1;     1;     0;   -59;   -59;   9.8; drag-lps8-01; 1; 7; 125000; 319
2022-10-13 08:48:15; hka-aqm-a107;  24.64;  39.16;   524;   908;     8;     1;     1;     0;   -55;   -55;   8.5; drag-lps8-01; 3; 7; 125000; 320
2022-10-13 09:03:21; hka-aqm-a107;  24.60;  39.69;   527;   918;     8;     1;     0;     0;   -55;   -55;   6.0; drag-lps8-01; 5; 7; 125000; 321
2022-10-13 09:18:28; hka-aqm-a107;  24.60;  40.28;   516;   945;     8;     1;     1;     0;   -55;   -55;   8.2; drag-lps8-01; 6; 7; 125000; 322
2022-10-13 09:33:34; hka-aqm-a107;  24.58;  40.64;   513;   926;     9;     1;     1;     1;   -55;   -55;   7.0; drag-lps8-01; 5; 7; 125000; 323
2022-10-13 09:48:40; hka-aqm-a107;  24.64;  41.10;   507;   969;     9;     1;     0;     2;   -57;   -57;   7.0; drag-lps8-01; 2; 7; 125000; 324
2022-10-13 10:03:49; hka-aqm-a107;  24.66;  41.79;   509;  1000;     9;     1;     1;     2;   -55;   -55;   7.8; drag-lps8-01; 7; 7; 125000; 325
2022-10-13 10:18:55; hka-aqm-a107;  24.66;  42.08;   513;   974;     8;     1;     1;     2;   -59;   -59;   9.2; drag-lps8-01; 0; 7; 125000; 326
2022-10-13 10:34:01; hka-aqm-a107;  24.67;  42.38;   530;   948;     8;     1;     1;     0;   -57;   -57;   9.2; drag-lps8-01; 4; 7; 125000; 327
2022-10-13 10:49:08; hka-aqm-a107;  24.69;  42.77;   513;   967;     9;     1;     1;     2;   -57;   -57;   9.2; drag-lps8-01; 1; 7; 125000; 328
2022-10-13 11:04:15; hka-aqm-a107;  24.67;  43.03;   506;   979;    11;     3;     1;     2;   -55;   -55;   9.0; drag-lps8-01; 3; 7; 125000; 329
2022-10-13 11:19:21; hka-aqm-a107;  24.70;  42.64;   488;   916;     8;     1;     1;     0;   -55;   -55;  10.2; drag-lps8-01; 4; 7; 125000; 330
2022-10-13 11:34:27; hka-aqm-a107;  24.70;  42.15;   463;   917;     9;     1;     2;     2;   -57;   -57;   9.2; drag-lps8-01; 7; 7; 125000; 331
2022-10-13 11:49:34; hka-aqm-a107;  24.69;  42.24;   450;   897;    10;     2;     2;     2;   -51;   -51;   7.5; drag-lps8-01; 5; 7; 125000; 332
2022-10-13 12:04:40; hka-aqm-a107;  24.68;  42.51;   453;   910;    11;     2;     0;     0;   -55;   -55;   9.8; drag-lps8-01; 3; 7; 125000; 333
2022-10-13 12:19:49; hka-aqm-a107;  24.74;  42.86;   452;   954;    10;     2;     2;     2;   -57;   -57;   9.8; drag-lps8-01; 0; 7; 125000; 334
2022-10-13 12:34:55; hka-aqm-a107;  24.78;  42.96;   441;   943;    10;     2;     2;     2;   -57;   -57;   9.8; drag-lps8-01; 1; 7; 125000; 335
2022-10-13 12:45:08; hka-aqm-a107;  24.76;  43.12;   442;   954;   389;    71;     2;     2;   -57;   -57;   6.8; drag-lps8-01; 2; 7; 125000; 336
2022-10-13 12:46:27; hka-aqm-a107;  24.77;  43.16;   443;   961;   511;    60;     1;     0;   -57;   -57;   9.5; drag-lps8-01; 6; 7; 125000; 337
2022-10-13 12:50:47; hka-aqm-a107;  24.53;  43.74;   451;   946;    40;     5;     1;     0;   -61;   -61;   7.0; drag-lps8-01; 7; 7; 125000; 338
2022-10-13 13:06:00; hka-aqm-a107;  23.08;  47.94;   470;   953;    43;     6;     2;     0;   -67;   -67;  10.0; drag-lps8-01; 4; 7; 125000; 340
2022-10-13 13:21:08; hka-aqm-a107;  23.22;  47.42;   494;   941;    26;     2;     1;     1;   -55;   -55;   9.2; drag-lps8-01; 1; 7; 125000; 341
2022-10-13 13:36:15; hka-aqm-a107;  23.33;  47.26;   465;   985;    26;     2;     1;     1;   -51;   -51;   6.8; drag-lps8-01; 2; 7; 125000; 342
2022-10-13 13:51:21; hka-aqm-a107;  23.39;  47.23;   457;   925;    27;     4;     0;     0;   -57;   -57;   9.0; drag-lps8-01; 0; 7; 125000; 343
2022-10-13 14:06:27; hka-aqm-a107;  23.45;  47.30;   517;   958;    24;     2;     2;     8;   -60;   -60;   9.5; drag-lps8-01; 3; 7; 125000; 344
2022-10-13 14:21:33; hka-aqm-a107;  23.60;  48.64;   661;  1194;    23;     2;     2;    10;   -57;   -57;   7.0; drag-lps8-01; 5; 7; 125000; 345
2022-10-13 14:36:40; hka-aqm-a107;  23.71;  48.58;   632;  1226;    24;     2;     0;     9;   -60;   -60;   8.5; drag-lps8-01; 0; 7; 125000; 346
2022-10-13 14:51:47; hka-aqm-a107;  23.83;  48.58;   612;  1193;    23;     2;     2;    12;   -57;   -57;   9.0; drag-lps8-01; 1; 7; 125000; 347
2022-10-13 15:07:00; hka-aqm-a107;  23.93;  48.32;   618;  1054;    23;     2;     0;    12;   -66;   -66;   7.8; drag-lps8-01; 7; 7; 125000; 349
2022-10-13 15:22:09; hka-aqm-a107;  24.05;  48.32;   597;  1370;    26;     4;     2;    13;   -63;   -63;   9.0; drag-lps8-01; 3; 7; 125000; 350
2022-10-13 15:37:15; hka-aqm-a107;  24.18;  48.13;   565;  1158;    23;     2;     2;    13;   -57;   -57;   6.5; drag-lps8-01; 2; 7; 125000; 351
2022-10-13 15:52:21; hka-aqm-a107;  24.30;  47.81;   578;  1187;    27;     4;     1;    13;   -57;   -57;   6.0; drag-lps8-01; 5; 7; 125000; 352
2022-10-13 16:07:28; hka-aqm-a107;  24.43;  47.68;   587;  1242;    31;     3;     2;    17;   -57;   -57;   8.8; drag-lps8-01; 6; 7; 125000; 353
2022-10-13 16:22:35; hka-aqm-a107;  24.50;  47.87;   540;  1072;    29;     3;     2;    17;   -60;   -60;   6.8; drag-lps8-01; 2; 7; 125000; 354
2022-10-13 16:37:41; hka-aqm-a107;  24.60;  47.65;   551;  1054;    29;     3;     0;     9;   -55;   -55;   9.0; drag-lps8-01; 7; 7; 125000; 355
2022-10-13 16:52:47; hka-aqm-a107;  24.68;  47.74;   533;  1058;    30;     2;     3;    17;   -63;   -63;   8.8; drag-lps8-01; 6; 7; 125000; 356
2022-10-13 17:07:53; hka-aqm-a107;  24.74;  47.20;   498;  1056;    30;     3;     3;    17;   -53;   -53;   7.8; drag-lps8-01; 4; 7; 125000; 357
2022-10-13 17:23:00; hka-aqm-a107;  24.76;  47.10;   472;  1009;    31;     3;     1;     3;   -64;   -64;   8.0; drag-lps8-01; 5; 7; 125000; 358
2022-10-13 17:38:08; hka-aqm-a107;  24.72;  47.23;   462;   983;    30;     3;     3;    17;   -62;   -62;   8.5; drag-lps8-01; 3; 7; 125000; 359
2022-10-13 17:53:21; hka-aqm-a107;  24.73;  47.17;   446;   959;    30;     3;     1;     2;   -69;   -69;   9.0; drag-lps8-01; 0; 7; 125000; 361
2022-10-13 18:08:28; hka-aqm-a107;  24.68;  47.49;   446;   920;    29;     2;     3;    17;   -73;   -73;   8.5; drag-lps8-01; 7; 7; 125000; 362
2022-10-13 18:23:40; hka-aqm-a107;  24.62;  47.65;   440;   940;    31;     3;     1;     0;  -127;  -127;  -7.8; drag-outd-01; 2; 7; 125000; 364
2022-10-13 18:38:47; hka-aqm-a107;  24.57;  47.62;   442;   949;    30;     2;     3;    17;   -63;   -63;   8.2; drag-lps8-01; 3; 7; 125000; 365
2022-10-13 18:54:00; hka-aqm-a107;  24.52;  47.78;   439;   928;    29;     2;     1;     0;   -65;   -65;   7.2; drag-lps8-01; 5; 7; 125000; 367
2022-10-13 19:03:47; hka-aqm-a107;  24.48;  47.84;   440;  1310;    31;     2;     3;    17;   -63;   -63;   8.5; drag-lps8-01; 4; 7; 125000; 368
2022-10-13 19:18:53; hka-aqm-a107;  24.41;  47.94;   442;   905;    18;     1;     2;     0;   -63;   -63;   8.8; drag-lps8-01; 6; 7; 125000; 369
2022-10-13 19:33:59; hka-aqm-a107;  24.33;  48.00;   439;   892;    18;     1;     1;     0;   -61;   -61;   6.8; drag-lps8-01; 5; 7; 125000; 370
2022-10-13 19:49:08; hka-aqm-a107;  24.24;  48.07;   439;   865;    18;     1;     2;     0;   -63;   -63;  10.0; drag-lps8-01; 6; 7; 125000; 371
2022-10-13 20:04:14; hka-aqm-a107;  24.19;  48.10;   444;   842;    20;     3;     2;     0;   -61;   -61;   9.2; drag-lps8-01; 3; 7; 125000; 372
2022-10-13 20:19:21; hka-aqm-a107;  24.12;  48.10;   446;   830;    18;     1;     0;     0;   -59;   -59;   7.5; drag-lps8-01; 2; 7; 125000; 373
2022-10-13 20:34:28; hka-aqm-a107;  24.07;  48.29;   436;   768;    18;     1;     2;     0;   -60;   -60;   8.8; drag-lps8-01; 1; 7; 125000; 374
2022-10-13 20:49:34; hka-aqm-a107;  24.01;  48.42;   438;   773;    18;     1;     2;     3;   -64;   -64;   8.8; drag-lps8-01; 0; 7; 125000; 375
2022-10-13 21:04:40; hka-aqm-a107;  24.00;  48.42;   439;   780;    18;     1;     0;     0;   -64;   -64;   8.5; drag-lps8-01; 7; 7; 125000; 376
2022-10-13 21:19:46; hka-aqm-a107;  23.92;  48.45;   435;   713;    18;     1;     2;     3;   -61;   -61;   7.8; drag-lps8-01; 4; 7; 125000; 377
2022-10-13 21:34:53; hka-aqm-a107;  23.88;  48.32;   434;   768;    18;     1;     2;     3;  -127;  -127;  -7.0; drag-outd-01; 0; 7; 125000; 378
2022-10-13 21:49:59; hka-aqm-a107;  23.83;  48.16;   429;   764;    18;     1;     1;     0;   -60;   -60;   6.8; drag-lps8-01; 5; 7; 125000; 379
2022-10-13 22:05:07; hka-aqm-a107;  23.79;  48.16;   426;   760;    18;     1;     2;     3;   -61;   -61;   7.8; drag-lps8-01; 3; 7; 125000; 380
2022-10-13 22:20:13; hka-aqm-a107;  23.76;  48.26;   429;   707;    18;     1;     2;     3;   -64;   -64;   9.0; drag-lps8-01; 7; 7; 125000; 381
2022-10-13 22:35:20; hka-aqm-a107;  23.74;  48.29;   432;   736;    20;     2;     1;     0;   -63;   -63;   9.5; drag-lps8-01; 1; 7; 125000; 382
2022-10-13 22:50:28; hka-aqm-a107;  23.74;  48.51;   436;   755;    18;     1;     2;     3;   -54;   -54;   7.5; drag-lps8-01; 4; 7; 125000; 383
2022-10-13 23:05:34; hka-aqm-a107;  23.70;  48.74;   439;   755;    18;     1;     2;     3;   -63;   -63;   8.5; drag-lps8-01; 6; 7; 125000; 384
2022-10-13 23:20:40; hka-aqm-a107;  23.69;  48.93;   440;   780;    20;     3;     1;     0;   -63;   -63;   6.5; drag-lps8-01; 2; 7; 125000; 385
2022-10-13 23:35:46; hka-aqm-a107;  23.67;  49.06;   439;   756;    18;     1;     2;     3;   -60;   -60;   8.2; drag-lps8-01; 6; 7; 125000; 386
2022-10-13 23:50:59; hka-aqm-a107;  23.64;  49.31;   443;   756;    18;     1;     2;     0;   -65;   -65;   7.5; drag-lps8-01; 2; 7; 125000; 388
