# Logfile LoRaWAN TTN/TTS V3 logger version hka-log V 1.1
date_time;device_id;tmp;hum;CO2;VOC;vis;IR;WIFI;BLE;rssi;channel_rssi;snr;gateway;channel_index;spreading_factor;bandwidth;f_cnt
2023-01-14 00:12:43; hka-aqm-a101;  22.06;  33.92;   512;   736;     4;     0;     2;     5;  -118;  -118;  -5.8; drag-lps8-07; 5; 7; 125000; 165
2023-01-14 00:27:50; hka-aqm-a101;  22.06;  33.86;   510;   776;     4;     0;     2;     5;  -115;  -115;   2.0; drag-outd-01; 2; 7; 125000; 166
2023-01-14 00:42:56; hka-aqm-a101;  22.04;  33.79;   507;   727;     4;     1;     2;     5;  -107;  -107;   4.8; drag-lps8-02; 1; 7; 125000; 167
2023-01-14 00:58:02; hka-aqm-a101;  22.03;  33.86;   503;   738;     4;     0;     2;     5;  -119;  -119;   0.2; drag-outd-01; 0; 7; 125000; 168
2023-01-14 01:13:10; hka-aqm-a101;  21.98;  33.72;   503;   689;     4;     0;     2;     5;  -115;  -115;   2.2; drag-outd-01; 6; 7; 125000; 169
2023-01-14 01:28:16; hka-aqm-a101;  21.99;  33.55;   509;   726;     4;     0;     2;     5;  -119;  -119;  -5.8; drag-lps8-07; 5; 7; 125000; 170
2023-01-14 01:43:23; hka-aqm-a101;  21.98;  33.66;   500;   725;     4;     0;     2;     5;  -115;  -115;   0.2; drag-outd-01; 2; 7; 125000; 171
2023-01-14 01:58:29; hka-aqm-a101;  21.97;  33.69;   499;   709;     6;     2;     2;     5;  -120;  -120;  -6.5; drag-lps8-07; 4; 7; 125000; 172
2023-01-14 02:13:35; hka-aqm-a101;  21.90;  33.39;   504;   729;     4;     0;     2;     5;  -105;  -105;   6.2; drag-lps8-02; 0; 7; 125000; 173
2023-01-14 02:28:41; hka-aqm-a101;  21.91;  33.69;   503;   696;     4;     0;     2;     5;  -115;  -115;   0.5; drag-outd-01; 1; 7; 125000; 174
2023-01-14 02:43:48; hka-aqm-a101;  21.94;  33.32;   494;   718;     4;     0;     2;     5;  -119;  -119;  -5.2; drag-lps8-07; 7; 7; 125000; 175
2023-01-14 02:58:55; hka-aqm-a101;  21.93;  33.45;   496;   730;     6;     2;     2;     5;  -120;  -120;  -1.5; drag-outd-01; 6; 7; 125000; 176
2023-01-14 03:14:01; hka-aqm-a101;  21.92;  33.62;   499;   734;     4;     1;     2;     5;  -103;  -103;   4.0; drag-lps8-02; 3; 7; 125000; 177
2023-01-14 03:29:08; hka-aqm-a101;  21.86;  33.49;   496;   734;     4;     0;     2;     5;  -118;  -118;  -5.5; drag-lps8-07; 5; 7; 125000; 178
2023-01-14 03:44:14; hka-aqm-a101;  21.90;  33.49;   491;   734;     6;     2;     2;     5;  -103;  -103;   6.2; drag-lps8-02; 4; 7; 125000; 179
2023-01-14 03:59:21; hka-aqm-a101;  21.86;  33.39;   492;   731;     4;     1;     2;     5;  -115;  -115;   0.8; drag-outd-01; 2; 7; 125000; 180
2023-01-14 04:14:29; hka-aqm-a101;  21.85;  33.59;   492;   695;     4;     0;     2;     5;  -117;  -117;  -5.8; drag-lps8-07; 6; 7; 125000; 181
2023-01-14 04:29:36; hka-aqm-a101;  21.82;  33.39;   494;   703;     4;     0;     2;     5;  -119;  -119;  -6.0; drag-lps8-07; 1; 7; 125000; 182
2023-01-14 04:44:42; hka-aqm-a101;  21.78;  33.19;   490;   733;     4;     0;     2;     5;  -122;  -122;  -2.8; drag-outd-01; 7; 7; 125000; 183
2023-01-14 04:59:50; hka-aqm-a101;  21.84;  32.92;   491;   703;     4;     0;     2;     5;  -103;  -103;   4.0; drag-lps8-02; 3; 7; 125000; 184
2023-01-14 05:14:56; hka-aqm-a101;  21.76;  33.12;   492;   736;     4;     0;     2;     5;  -108;  -108;   6.5; drag-lps8-02; 0; 7; 125000; 185
2023-01-14 05:30:02; hka-aqm-a101;  21.76;  33.19;   490;   707;     4;     0;     2;     5;  -116;  -116;  -5.5; drag-lps8-07; 6; 7; 125000; 186
2023-01-14 05:45:09; hka-aqm-a101;  21.76;  33.15;   488;   745;     4;     0;     2;     5;  -114;  -114;   3.8; drag-outd-01; 3; 7; 125000; 187
2023-01-14 06:00:15; hka-aqm-a101;  21.72;  33.09;   489;   704;     4;     1;     2;     5;  -106;  -106;   4.5; drag-lps8-02; 7; 7; 125000; 188
2023-01-14 06:15:21; hka-aqm-a101;  21.70;  33.05;   493;   698;     4;     1;     2;     5;  -106;  -106;   4.8; drag-lps8-02; 1; 7; 125000; 189
2023-01-14 06:30:28; hka-aqm-a101;  21.70;  33.05;   486;   749;     4;     1;     2;     5;  -115;  -115;   0.8; drag-outd-01; 5; 7; 125000; 190
2023-01-14 06:45:34; hka-aqm-a101;  21.67;  33.12;   489;   724;     4;     0;     2;     5;  -121;  -121;  -6.8; drag-lps8-07; 4; 7; 125000; 191
2023-01-14 07:00:41; hka-aqm-a101;  21.65;  33.12;   492;   709;     4;     0;     2;     5;  -118;  -118;   0.2; drag-outd-01; 0; 7; 125000; 192
2023-01-14 07:15:49; hka-aqm-a101;  21.66;  33.05;   487;   699;     4;     0;     2;     5;  -108;  -108;   3.8; drag-lps8-02; 2; 7; 125000; 193
2023-01-14 07:30:55; hka-aqm-a101;  21.62;  33.05;   497;   705;     6;     2;     2;     5;  -118;  -118;  -4.5; drag-lps8-07; 0; 7; 125000; 194
2023-01-14 07:46:02; hka-aqm-a101;  21.59;  33.12;   491;   744;     4;     0;     2;     5;  -115;  -115;   3.5; drag-outd-01; 4; 7; 125000; 195
2023-01-14 08:01:10; hka-aqm-a101;  21.59;  33.15;   491;   696;     4;     0;     3;     5;  -107;  -107;   6.0; drag-lps8-02; 7; 7; 125000; 196
2023-01-14 08:16:16; hka-aqm-a101;  21.55;  33.12;   487;   706;     4;     0;     3;     5;  -106;  -106;   4.5; drag-lps8-02; 1; 7; 125000; 197
2023-01-14 08:31:22; hka-aqm-a101;  21.55;  33.19;   486;   694;     6;     2;     3;     5;  -116;  -116;  -8.5; drag-outd-01; 5; 7; 125000; 198
2023-01-14 08:46:29; hka-aqm-a101;  21.54;  33.15;   495;   697;     4;     1;     3;     5;  -115;  -115;   3.5; drag-outd-01; 3; 7; 125000; 199
2023-01-14 09:01:36; hka-aqm-a101;  21.51;  33.25;   494;   691;     4;     0;     3;     5;  -120;  -120;  -1.5; drag-outd-01; 6; 7; 125000; 200
2023-01-14 09:16:42; hka-aqm-a101;  21.52;  33.22;   490;   717;     4;     0;     3;     5;  -120;  -120;  -1.5; drag-outd-01; 2; 7; 125000; 201
2023-01-14 09:31:48; hka-aqm-a101;  21.50;  33.32;   489;   700;     5;     1;     3;     5;  -103;  -103;   5.8; drag-lps8-02; 4; 7; 125000; 202
2023-01-14 09:46:54; hka-aqm-a101;  21.52;  33.35;   491;   618;     5;     0;     3;     5;  -118;  -118;  -5.2; drag-lps8-07; 2; 7; 125000; 203
2023-01-14 10:02:00; hka-aqm-a101;  21.54;  33.25;   489;   706;     5;     1;     3;     5;  -115;  -115;   0.2; drag-outd-01; 5; 7; 125000; 204
2023-01-14 10:17:09; hka-aqm-a101;  21.58;  33.32;   489;   779;     5;     0;     3;     5;  -118;  -118;  -1.5; drag-outd-01; 7; 7; 125000; 205
2023-01-14 10:32:15; hka-aqm-a101;  21.59;  33.32;   487;   704;     4;     1;     3;     5;  -105;  -105;   4.0; drag-lps8-02; 3; 7; 125000; 206
2023-01-14 10:47:21; hka-aqm-a101;  21.54;  33.45;   486;   731;     6;     2;     3;     5;  -107;  -107;   4.8; drag-lps8-02; 1; 7; 125000; 207
2023-01-14 11:02:29; hka-aqm-a101;  21.62;  33.49;   487;   696;     5;     0;     3;     5;  -102;  -102;   4.8; drag-lps8-02; 6; 7; 125000; 208
2023-01-14 11:17:36; hka-aqm-a101;  21.60;  33.52;   486;   727;     5;     0;     3;     5;  -118;  -118; nan; drag-outd-01; 0; 7; 125000; 209
2023-01-14 11:32:42; hka-aqm-a101;  21.56;  33.66;   486;   735;     5;     0;     3;     5;  -105;  -105;   6.2; drag-lps8-02; 4; 7; 125000; 210
2023-01-14 11:47:48; hka-aqm-a101;  21.54;  33.79;   491;   779;     6;     2;     3;     5;  -118;  -118;  -0.2; drag-outd-01; 2; 7; 125000; 211
2023-01-14 12:02:54; hka-aqm-a101;  21.56;  33.76;   485;   745;     5;     0;     3;     5;  -105;  -105;   5.0; drag-lps8-02; 1; 7; 125000; 212
2023-01-14 12:18:00; hka-aqm-a101;  21.52;  33.86;   482;   747;     6;     2;     3;     5;  -108;  -108;   5.5; drag-lps8-02; 7; 7; 125000; 213
2023-01-14 12:33:09; hka-aqm-a101;  21.58;  33.86;   486;   755;     5;     0;     3;     5;  -120;  -120;  -7.5; drag-lps8-07; 6; 7; 125000; 214
2023-01-14 12:48:15; hka-aqm-a101;  21.53;  33.99;   491;   747;     5;     0;     3;     5;  -118;  -118;  -4.5; drag-lps8-07; 0; 7; 125000; 215
2023-01-14 13:03:22; hka-aqm-a101;  21.65;  33.86;   488;   765;     4;     0;     3;     5;  -103;  -103;   4.2; drag-lps8-02; 5; 7; 125000; 216
2023-01-14 13:18:28; hka-aqm-a101;  21.67;  33.82;   484;   746;     6;     2;     3;     5;  -113;  -113;   4.8; drag-outd-01; 3; 7; 125000; 217
2023-01-14 13:33:34; hka-aqm-a101;  21.70;  33.79;   486;   745;     5;     0;     3;     5;  -106;  -106;   6.2; drag-lps8-02; 0; 7; 125000; 218
2023-01-14 13:48:40; hka-aqm-a101;  21.71;  33.76;   484;   756;     6;     2;     3;     5;  -118;  -118;  -5.8; drag-lps8-07; 6; 7; 125000; 219
2023-01-14 14:03:48; hka-aqm-a101;  21.58;  33.92;   485;   755;     4;     0;     3;     5;  -114;  -114;   4.0; drag-outd-01; 4; 7; 125000; 220
2023-01-14 14:18:54; hka-aqm-a101;  21.57;  33.92;   490;   753;     5;     1;     3;     5;  -102;  -102;   3.5; drag-lps8-02; 5; 7; 125000; 221
2023-01-14 14:34:09; hka-aqm-a101;  21.56;  33.89;   481;   734;     5;     1;     3;     5;  -118;  -118;  -5.5; drag-lps8-07; 7; 7; 125000; 223
2023-01-14 14:49:15; hka-aqm-a101;  21.54;  33.86;   488;   745;     6;     2;     3;     5;  -117;  -117;  -4.8; drag-lps8-07; 2; 7; 125000; 224
2023-01-14 15:04:21; hka-aqm-a101;  21.57;  33.86;   483;   741;     4;     0;     3;     5;  -112;  -112;   4.2; drag-outd-01; 3; 7; 125000; 225
2023-01-14 15:19:29; hka-aqm-a101;  21.52;  33.86;   487;   719;     6;     2;     3;     5;  -114;  -114;   3.8; drag-outd-01; 4; 7; 125000; 226
2023-01-14 15:34:35; hka-aqm-a101;  21.54;  33.86;   484;   734;     4;     0;     3;     5;  -108;  -108;   3.5; drag-lps8-02; 1; 7; 125000; 227
2023-01-14 15:49:41; hka-aqm-a101;  21.55;  33.82;   480;   729;     6;     2;     0;     0;  -118;  -118;  -5.2; drag-lps8-07; 5; 7; 125000; 228
2023-01-14 16:04:49; hka-aqm-a101;  21.53;  33.89;   486;   706;     6;     2;     3;     5;  -108;  -108;   5.5; drag-lps8-02; 0; 7; 125000; 229
2023-01-14 16:19:55; hka-aqm-a101;  21.50;  33.86;   485;   700;     5;     1;     3;     5;  -108;  -108;   3.0; drag-lps8-02; 2; 7; 125000; 230
2023-01-14 16:35:01; hka-aqm-a101;  21.49;  33.82;   480;   689;     4;     0;     0;     0;  -115;  -115;   2.8; drag-outd-01; 6; 7; 125000; 231
2023-01-14 16:50:09; hka-aqm-a101;  21.49;  33.92;   481;   718;     5;     1;     3;     5;  -105;  -105;   5.5; drag-lps8-02; 7; 7; 125000; 232
2023-01-14 17:05:15; hka-aqm-a101;  21.44;  33.92;   486;   783;     4;     0;     3;     5;  -103;  -103;   4.8; drag-lps8-02; 3; 7; 125000; 233
2023-01-14 17:20:21; hka-aqm-a101;  21.43;  33.86;   485;   733;     6;     2;     1;     0;  -120;  -120;  -6.0; drag-lps8-07; 4; 7; 125000; 234
2023-01-14 17:35:28; hka-aqm-a101;  21.44;  33.79;   483;   788;     4;     0;     3;     5;  -109;  -109;   3.2; drag-lps8-02; 1; 7; 125000; 235
2023-01-14 17:50:34; hka-aqm-a101;  21.47;  33.72;   481;   744;     4;     0;     3;     5;  -114;  -114;   1.8; drag-outd-01; 2; 7; 125000; 236
2023-01-14 18:05:40; hka-aqm-a101;  21.41;  33.86;   483;   699;     4;     0;     3;     5;  -114;  -114;   2.0; drag-outd-01; 0; 7; 125000; 237
2023-01-14 18:20:49; hka-aqm-a101;  21.44;  33.92;   477;   752;     4;     0;     3;     5;  -119;  -119;  -0.2; drag-outd-01; 7; 7; 125000; 238
2023-01-14 18:35:55; hka-aqm-a101;  21.42;  34.06;   482;   744;     4;     0;     3;     5;  -105;  -105;   4.8; drag-lps8-02; 5; 7; 125000; 239
2023-01-14 18:51:01; hka-aqm-a101;  21.42;  34.19;   477;   749;     4;     0;     0;     0;  -115;  -115;   3.2; drag-outd-01; 3; 7; 125000; 240
2023-01-14 19:06:08; hka-aqm-a101;  21.45;  34.26;   476;   796;     4;     0;     3;     5;  -121;  -121;  -9.0; drag-lps8-07; 6; 7; 125000; 241
2023-01-14 19:21:14; hka-aqm-a101;  21.43;  34.46;   491;   780;     6;     2;     3;     5;  -106;  -106;   5.8; drag-lps8-02; 1; 7; 125000; 242
2023-01-14 19:36:21; hka-aqm-a101;  21.43;  34.46;   475;   761;     4;     0;     2;     0;  -111;  -111;   3.5; drag-outd-01; 4; 7; 125000; 243
2023-01-14 19:51:29; hka-aqm-a101;  21.38;  34.66;   479;   761;     6;     2;     3;     5;  -105;  -105;   4.0; drag-lps8-02; 3; 7; 125000; 244
2023-01-14 20:06:35; hka-aqm-a101;  21.42;  34.72;   481;   774;     6;     2;     3;     5;  -117;  -117;  -5.0; drag-lps8-07; 2; 7; 125000; 245
2023-01-14 20:21:41; hka-aqm-a101;  21.40;  34.86;   483;   750;     4;     0;     1;     0;  -118;  -118;  -5.0; drag-lps8-07; 7; 7; 125000; 246
2023-01-14 20:36:48; hka-aqm-a101;  21.40;  34.82;   483;   789;     4;     0;     3;     5;  -118;  -118;  -6.2; drag-lps8-07; 6; 7; 125000; 247
2023-01-14 20:51:55; hka-aqm-a101;  21.39;  35.19;   476;   751;     4;     0;     3;     5;  -105;  -105;   5.0; drag-lps8-02; 5; 7; 125000; 248
2023-01-14 21:07:01; hka-aqm-a101;  21.36;  35.19;   475;   773;     4;     0;     0;     0;  -116;  -116;  -4.0; drag-lps8-07; 0; 7; 125000; 249
2023-01-14 21:22:07; hka-aqm-a101;  21.38;  35.19;   477;   759;     4;     0;     3;     5;  -113;  -113;   2.5; drag-outd-01; 2; 7; 125000; 250
2023-01-14 21:37:14; hka-aqm-a101;  21.34;  35.46;   477;   769;     4;     1;     3;     5;  -108;  -108;   5.5; drag-lps8-02; 0; 7; 125000; 251
2023-01-14 21:52:20; hka-aqm-a101;  21.30;  35.59;   475;   750;     6;     2;     2;     0;  -107;  -107;   4.2; drag-lps8-02; 1; 7; 125000; 252
2023-01-14 22:07:27; hka-aqm-a101;  21.32;  35.62;   474;   802;     4;     0;     3;     5;  -103;  -103;   4.5; drag-lps8-02; 3; 7; 125000; 253
2023-01-14 22:22:33; hka-aqm-a101;  21.28;  35.86;   479;   764;     6;     2;     3;     5;  -103;  -103;   6.0; drag-lps8-02; 4; 7; 125000; 254
2023-01-14 22:37:39; hka-aqm-a101;  21.33;  35.79;   476;   787;     4;     0;     3;     5;  -105;  -105;   7.0; drag-lps8-02; 7; 7; 125000; 255
2023-01-14 22:52:47; hka-aqm-a101;  21.28;  35.89;   478;   758;     4;     0;     3;     5;  -116;  -116;  -5.8; drag-lps8-07; 6; 7; 125000; 256
2023-01-14 23:07:53; hka-aqm-a101;  21.30;  36.25;   473;   752;     4;     0;     3;     5;  -117;  -117;  -4.8; drag-lps8-07; 5; 7; 125000; 257
2023-01-14 23:22:59; hka-aqm-a101;  21.27;  36.45;   472;   779;     4;     0;     0;     0;  -120;  -120;  -6.5; drag-lps8-07; 4; 7; 125000; 258
2023-01-14 23:38:08; hka-aqm-a101;  21.27;  36.32;   484;   772;     4;     0;     3;     5;  -103;  -103;   4.2; drag-lps8-02; 3; 7; 125000; 259
2023-01-14 23:53:14; hka-aqm-a101;  21.25;  36.32;   474;   778;     6;     2;     3;     5;  -118;  -118;  -7.0; drag-lps8-07; 5; 7; 125000; 260
