# Logfile LoRaWAN TTN/TTS V3 logger version hka-log V 1.1
date_time;device_id;tmp;hum;CO2;VOC;vis;IR;WIFI;BLE;rssi;channel_rssi;snr;gateway;channel_index;spreading_factor;bandwidth;f_cnt
2023-02-07 00:24:59; hka-aqm-a108;  18.49;  33.76;   461;   598;     6;     0;     2;     3;  -124;  -124;  -5.0; drag-outd-01; 4; 7; 125000; 2493
2023-02-07 00:55:32; hka-aqm-a108;  18.34;  33.79;   458;   607;     6;     0;     2;     3;  -126;  -126;  -8.5; drag-lps8-02; 7; 7; 125000; 2495
2023-02-07 01:25:58; hka-aqm-a108;  18.18;  33.79;   449;   622;     6;     0;     1;     0;  -125;  -125;  -6.8; drag-outd-01; 4; 7; 125000; 2497
2023-02-07 02:11:38; hka-aqm-a108;  17.88;  33.62;   441;   601;     6;     0;     2;     0;  -126;  -126;  -7.8; drag-lps8-02; 0; 7; 125000; 2500
2023-02-07 02:26:51; hka-aqm-a108;  17.84;  33.55;   438;   607;     7;     1;     2;     0;  -127;  -127;  -7.0; drag-outd-01; 3; 7; 125000; 2502
2023-02-07 02:42:11; hka-aqm-a108;  17.72;  33.66;   435;   596;     6;     0;     3;     3;  -125;  -125;  -6.2; drag-outd-01; 4; 7; 125000; 2503
2023-02-07 02:57:19; hka-aqm-a108;  17.62;  33.52;   432;   621;     9;     3;     3;     3;  -126;  -126;  -9.2; drag-lps8-02; 7; 7; 125000; 2504
2023-02-07 03:43:05; hka-aqm-a108;  17.49;  33.45;   431;   584;     9;     3;     3;     3;  -128;  -128;  -7.5; drag-outd-01; 4; 7; 125000; 2507
2023-02-07 04:13:24; hka-aqm-a108;  17.34;  33.25;   434;   579;     6;     0;     3;     3;  -128;  -128;  -8.0; drag-outd-01; 3; 7; 125000; 2509
2023-02-07 04:43:51; hka-aqm-a108;  17.06;  32.82;   426;   530;     6;     0;     1;     0;  -121;  -121;  -8.8; drag-lps8-07; 1; 7; 125000; 2511
2023-02-07 04:59:11; hka-aqm-a108;  16.95;  32.58;   429;   531;     6;     1;     3;     3;  -122;  -122;  -7.0; drag-lps8-07; 0; 7; 125000; 2512
2023-02-07 05:14:17; hka-aqm-a108;  16.80;  32.21;   426;   534;     6;     1;     3;     3;  -130;  -130;  -8.8; drag-outd-01; 3; 7; 125000; 2513
2023-02-07 05:29:30; hka-aqm-a108;  16.68;  32.11;   433;   522;     6;     0;     0;     0;  -124;  -124;  -5.5; drag-outd-01; 6; 7; 125000; 2514
2023-02-07 05:44:51; hka-aqm-a108;  16.72;  32.05;   429;   550;     7;     1;     3;     3;  -124;  -124;  -6.0; drag-outd-01; 4; 7; 125000; 2515
2023-02-07 06:15:18; hka-aqm-a108;  16.72;  31.98;   424;   567;     7;     2;     1;     0;  -126;  -126;  -5.2; drag-outd-01; 3; 7; 125000; 2517
2023-02-07 06:30:24; hka-aqm-a108;  17.74;  30.97;   427;   626;     8;     1;     3;     3;  -126;  -126;  -8.0; drag-lps8-02; 7; 7; 125000; 2518
2023-02-07 06:37:57; hka-aqm-a108;  17.89;  31.27;   436;   621;    70;    14;     3;     3;  -124;  -124;  -6.8; drag-outd-01; 4; 7; 125000; 2519
2023-02-07 06:39:57; hka-aqm-a108;  17.53;  32.08;   447;   637;    95;     9;     1;     0;  -124;  -124;  -5.8; drag-outd-01; 3; 7; 125000; 2520
2023-02-07 06:42:58; hka-aqm-a108;  17.33;  31.98;   448;   605;     7;     6;     1;     0;  -120;  -120;  -8.8; drag-lps8-07; 2; 7; 125000; 2521
2023-02-07 06:58:11; hka-aqm-a108;  16.68;  31.58;   436;   605;     7;     1;     2;     0;  -122;  -122;  -9.2; drag-lps8-02; 6; 7; 125000; 2522
2023-02-07 07:13:31; hka-aqm-a108;  16.59;  31.71;   436;   588;     8;     1;     2;     1;  -122;  -122;  -8.5; drag-lps8-07; 0; 7; 125000; 2523
2023-02-07 07:29:44; hka-aqm-a108;  16.52;  31.58;   430;   585;    78;    19;     2;     1;  -123;  -123;  -4.2; drag-outd-01; 3; 7; 125000; 2525
2023-02-07 07:30:18; hka-aqm-a108;  16.52;  31.44;   429;   593;    25;     8;     2;     0;  -128;  -128;  -7.8; drag-outd-01; 4; 7; 125000; 2526
2023-02-07 07:45:39; hka-aqm-a108;  17.04;  31.00;   435;   617;    52;    12;     0;     0;  -124;  -124;  -7.5; drag-lps8-02; 7; 7; 125000; 2527
2023-02-07 08:00:45; hka-aqm-a108;  17.89;  30.06;   436;   649;   121;    30;     2;     2;  -126;  -126;  -7.5; drag-outd-01; 4; 7; 125000; 2528
2023-02-07 08:16:05; hka-aqm-a108;  18.40;  29.62;   440;   693;   384;   125;     2;     4;  -121;  -121;  -8.0; drag-lps8-07; 2; 7; 125000; 2529
2023-02-07 08:55:38; hka-aqm-a108;  20.21;  27.85;   449;   704;  1210;   361;     1;     5;  -129;  -129;  -8.8; drag-outd-01; 4; 7; 125000; 2534
2023-02-07 08:56:17; hka-aqm-a108;  20.23;  27.85;   447;   704;  1365;   420;     1;     3;  -124;  -124;  -7.0; drag-lps8-02; 5; 7; 125000; 2536
2023-02-07 08:56:57; hka-aqm-a108;  20.28;  27.79;   447;   742;  1505;   470;     1;     3;  -122;  -122;  -9.0; drag-lps8-07; 0; 7; 125000; 2538
2023-02-07 08:58:03; hka-aqm-a108;  20.31;  27.79;   451;   723;  1599;   500;     2;     4;  -125;  -125;  -8.0; drag-lps8-02; 7; 7; 125000; 2539
2023-02-07 09:12:24; hka-aqm-a108;  21.21;  26.83;   450;   740;  1323;   367;     1;     8;  -124;  -124;  -7.2; drag-lps8-02; 5; 7; 125000; 2541
2023-02-07 09:43:51; hka-aqm-a108;  21.81;  26.42;   456;   799;   914;   215;     2;     9;  -123;  -123;  -4.0; drag-outd-01; 3; 7; 125000; 2546
2023-02-07 09:59:05; hka-aqm-a108;  22.15;  26.01;   460;   762;   877;   201;     2;     9;  -127;  -127;  -8.8; drag-outd-01; 5; 7; 125000; 2547
2023-02-07 09:59:44; hka-aqm-a108;  22.18;  26.49;   531;   948;   872;   200;     2;     8;  -126;  -126;  -6.8; drag-outd-01; 3; 7; 125000; 2549
2023-02-07 10:15:10; hka-aqm-a108;  22.44;  26.22;   521;  1272;   828;   186;     2;     5;  -126;  -126;  -7.5; drag-outd-01; 4; 7; 125000; 2551
2023-02-07 10:30:30; hka-aqm-a108;  22.75;  26.22;   559;  1172;   767;   168;     2;    10;  -126;  -126;  -6.0; drag-outd-01; 0; 7; 125000; 2552
2023-02-07 10:35:37; hka-aqm-a108;  22.78;  26.32;   581;  1236;   659;   142;     3;    10;  -125;  -125;  -7.0; drag-lps8-02; 7; 7; 125000; 2553
2023-02-07 10:36:05; hka-aqm-a108;  22.86;  26.29;   578;  1233;   727;   156;     3;     8;  -128;  -128;  -9.0; drag-outd-01; 6; 7; 125000; 2554
2023-02-07 10:51:11; hka-aqm-a108;  23.04;  26.42;   612;  1187;   652;   137;     2;     5;  -124;  -124;  -6.5; drag-lps8-07; 4; 7; 125000; 2555
2023-02-07 11:14:02; hka-aqm-a108;  23.45;  26.22;   644;  1138;   511;   100;     3;    12;  -122;  -122;  -4.0; drag-outd-01; 1; 7; 125000; 2557
2023-02-07 11:29:08; hka-aqm-a108;  23.64;  26.15;   668;  1080;   414;    77;     2;     2;  -129;  -129;  -9.2; drag-outd-01; 7; 7; 125000; 2558
2023-02-07 11:44:28; hka-aqm-a108;  23.74;  26.22;   691;  1262;   331;    57;     4;    12;  -130;  -130;  -9.0; drag-outd-01; 3; 7; 125000; 2559
2023-02-07 11:59:41; hka-aqm-a108;  23.72;  25.77;   702;  1141;   274;    44;     1;     6;  -120;  -120;  -4.8; drag-outd-01; 1; 7; 125000; 2560
2023-02-07 12:09:22; hka-aqm-a108;  23.78;  25.81;   697;  1076;   165;    24;     4;    14;  -129;  -129;  -7.8; drag-outd-01; 0; 7; 125000; 2561
2023-02-07 12:09:36; hka-aqm-a108;  23.74;  25.88;   695;  1073;   252;    39;     0;     6;  -120;  -120;  -2.2; drag-outd-01; 2; 7; 125000; 2562
2023-02-07 12:24:49; hka-aqm-a108;  23.65;  25.74;   659;   959;   231;    35;     1;     2;  -127;  -127;  -8.0; drag-outd-01; 1; 7; 125000; 2563
2023-02-07 12:40:04; hka-aqm-a108;  23.27;  25.67;   615;   871;   219;    33;     3;    11;  -124;  -124;  -5.5; drag-outd-01; 4; 7; 125000; 2564
2023-02-07 12:55:25; hka-aqm-a108;  22.82;  25.50;   589;   840;   214;    35;     3;    11;  -122;  -122;  -4.5; drag-outd-01; 2; 7; 125000; 2565
2023-02-07 13:10:31; hka-aqm-a108;  22.36;  25.81;   548;   747;   211;    35;     1;     1;  -125;  -125;  -6.2; drag-outd-01; 3; 7; 125000; 2566
2023-02-07 13:25:44; hka-aqm-a108;  22.26;  25.67;   549;   774;   208;    35;     3;    11;  -126;  -126;  -6.5; drag-outd-01; 7; 7; 125000; 2567
2023-02-07 13:56:18; hka-aqm-a108;  21.66;  26.46;   536;   745;   203;    35;     1;     6;  -126;  -126;  -6.2; drag-outd-01; 0; 7; 125000; 2569
2023-02-07 14:11:25; hka-aqm-a108;  21.50;  26.63;   533;   735;   198;    32;     0;     3;  -122;  -122;  -4.5; drag-outd-01; 2; 7; 125000; 2570
2023-02-07 14:41:51; hka-aqm-a108;  21.00;  26.73;   544;   756;   194;    32;     0;     4;  -122;  -122;  -3.5; drag-outd-01; 0; 7; 125000; 2572
2023-02-07 15:27:30; hka-aqm-a108;  20.23;  26.46;   522;   679;   184;    30;     1;     5;  -126;  -126;  -7.0; drag-outd-01; 5; 7; 125000; 2575
2023-02-07 15:42:50; hka-aqm-a108;  20.17;  26.56;   517;   706;   177;    30;     3;    14;  -127;  -127;  -7.8; drag-outd-01; 7; 7; 125000; 2576
2023-02-07 15:58:05; hka-aqm-a108;  20.06;  26.49;   516;   683;   167;    27;     3;    16;  -125;  -125;  -5.2; drag-outd-01; 0; 7; 125000; 2577
2023-02-07 16:13:11; hka-aqm-a108;  19.78;  26.63;   531;   667;   155;    25;     1;    13;  -118;  -118;  -1.0; drag-outd-01; 1; 7; 125000; 2578
2023-02-07 16:28:31; hka-aqm-a108;  19.04;  25.88;   504;   533;   134;    22;     0;     9;  -122;  -122;  -3.2; drag-outd-01; 2; 7; 125000; 2579
2023-02-07 16:43:44; hka-aqm-a108;  19.38;  26.36;   517;   652;   116;    20;     3;    17;  -121;  -121;  -1.8; drag-outd-01; 0; 7; 125000; 2580
2023-02-07 16:58:50; hka-aqm-a108;  19.30;  26.46;   516;   659;    82;    15;     0;     9;  -124;  -124;  -5.2; drag-outd-01; 3; 7; 125000; 2581
2023-02-07 17:29:24; hka-aqm-a108;  19.06;  26.97;   524;   669;    21;     4;     3;    17;  -122;  -122;  -3.5; drag-outd-01; 1; 7; 125000; 2583
2023-02-07 17:44:30; hka-aqm-a108;  18.97;  27.24;   516;   699;     9;     1;     1;     8;  -121;  -121;  -3.8; drag-outd-01; 2; 7; 125000; 2584
2023-02-07 17:59:50; hka-aqm-a108;  18.88;  27.48;   512;   649;     7;     1;     2;    13;  -124;  -124;  -6.5; drag-lps8-02; 7; 7; 125000; 2585
2023-02-07 18:30:09; hka-aqm-a108;  18.92;  27.51;   502;   688;     7;     0;     2;     1;  -120;  -120;  -3.5; drag-outd-01; 2; 7; 125000; 2587
2023-02-07 18:45:24; hka-aqm-a108;  18.89;  27.51;   502;   699;     8;     2;     2;     4;  -122;  -122;  -8.5; drag-lps8-02; 4; 7; 125000; 2588
2023-02-07 19:00:44; hka-aqm-a108;  18.79;  27.65;   504;   703;     6;     1;     3;    17;  -124;  -124;  -4.5; drag-outd-01; 1; 7; 125000; 2589
2023-02-07 19:15:51; hka-aqm-a108;  18.66;  27.75;   505;   683;     7;     0;     0;     5;  -124;  -124;  -7.8; drag-lps8-02; 7; 7; 125000; 2590
2023-02-07 19:46:24; hka-aqm-a108;  18.46;  27.92;   500;   663;     7;     0;     3;    17;  -125;  -125;  -5.2; drag-outd-01; 2; 7; 125000; 2592
2023-02-07 20:01:30; hka-aqm-a108;  18.38;  27.99;   501;   654;     7;     0;     1;     2;  -124;  -124;  -6.2; drag-outd-01; 1; 7; 125000; 2593
2023-02-07 20:16:50; hka-aqm-a108;  18.29;  27.99;   494;   638;     6;     0;     0;     2;  -126;  -126;  -7.0; drag-outd-01; 0; 7; 125000; 2594
2023-02-07 20:31:57; hka-aqm-a108;  18.24;  28.06;   504;   633;     7;     1;     3;    17;  -128;  -128;  -8.0; drag-outd-01; 4; 7; 125000; 2595
2023-02-07 20:47:10; hka-aqm-a108;  18.15;  28.02;   494;   669;     7;     0;     0;     0;  -123;  -123;  -8.0; drag-lps8-07; 6; 7; 125000; 2596
2023-02-07 21:02:23; hka-aqm-a108;  18.11;  27.99;   482;   605;     7;     1;     1;     1;  -124;  -124;  -6.5; drag-lps8-07; 0; 7; 125000; 2597
2023-02-07 21:17:36; hka-aqm-a108;  18.00;  28.06;   474;   608;     6;     0;     3;    17;  -122;  -122;  -7.5; drag-lps8-02; 5; 7; 125000; 2598
2023-02-07 21:32:49; hka-aqm-a108;  17.95;  28.06;   472;   615;     9;     3;     1;     0;  -122;  -122;  -7.5; drag-lps8-02; 7; 7; 125000; 2599
2023-02-07 21:48:03; hka-aqm-a108;  17.88;  28.06;   472;   597;     9;     3;     0;     0;  -126;  -126;  -5.8; drag-outd-01; 4; 7; 125000; 2600
2023-02-07 22:03:17; hka-aqm-a108;  17.81;  28.06;   473;   579;     6;     1;     3;    17;  -124;  -124;  -6.5; drag-lps8-07; 0; 7; 125000; 2601
2023-02-07 22:18:30; hka-aqm-a108;  17.72;  28.06;   469;   595;     6;     0;     0;     0;  -122;  -122;  -7.2; drag-lps8-07; 2; 7; 125000; 2602
2023-02-07 22:33:44; hka-aqm-a108;  17.70;  28.06;   467;   583;     6;     0;     1;     0;  -122;  -122;  -8.0; drag-lps8-02; 5; 7; 125000; 2603
2023-02-07 22:48:57; hka-aqm-a108;  17.64;  28.02;   465;   579;     6;     0;     3;    17;  -127;  -127;  -7.0; drag-outd-01; 4; 7; 125000; 2604
2023-02-07 23:04:10; hka-aqm-a108;  17.57;  28.06;   462;   588;     6;     2;     2;     0;  -124;  -124;  -7.2; drag-lps8-07; 1; 7; 125000; 2606
2023-02-07 23:19:24; hka-aqm-a108;  17.55;  28.06;   466;   549;     6;     0;     0;     0;  -125;  -125;  -5.0; drag-outd-01; 3; 7; 125000; 2607
2023-02-07 23:34:37; hka-aqm-a108;  17.44;  28.06;   459;   581;     8;     2;     3;    17;  -124;  -124;  -8.0; drag-lps8-07; 0; 7; 125000; 2608
2023-02-07 23:49:50; hka-aqm-a108;  17.41;  28.06;   459;   547;     9;     3;     2;     0;  -121;  -121;  -6.2; drag-lps8-02; 7; 7; 125000; 2609
