# Logfile LoRaWAN TTN/TTS V3 logger version hka-log V 1.1
date_time;device_id;tmp;hum;CO2;VOC;vis;IR;WIFI;BLE;rssi;channel_rssi;snr;gateway;channel_index;spreading_factor;bandwidth;f_cnt
2023-06-18 00:03:46; hka-aqm-a106;  29.46;  28.81;   450;  2476;     5;     0;     3;     3;  -124;  -124; -10.5; drag-outd-01; 2; 9; 125000; 17525
2023-06-18 00:19:15; hka-aqm-a106;  29.42;  28.97;   454;  2449;     8;     3;     3;     3;  -126;  -126; -10.5; drag-lps8-07; 4; 9; 125000; 17527
2023-06-18 00:34:44; hka-aqm-a106;  29.39;  29.08;   457;  2482;     8;     3;     3;     3;  -127;  -127; -12.8; drag-lps8-07; 7; 9; 125000; 17528
2023-06-18 00:50:14; hka-aqm-a106;  29.35;  29.25;   454;  2481;     5;     0;     3;     3;  -128;  -128; -11.0; drag-lps8-07; 0; 9; 125000; 17529
2023-06-18 01:05:43; hka-aqm-a106;  29.31;  29.42;   457;  2489;     5;     0;     3;     3;  -123;  -123; -10.0; drag-outd-01; 2; 9; 125000; 17530
2023-06-18 01:21:14; hka-aqm-a106;  29.28;  29.52;   459;  2537;     5;     1;     3;     3;  -124;  -124; -10.0; drag-outd-01; 0; 9; 125000; 17531
2023-06-18 01:37:05; hka-aqm-a106;  29.26;  29.69;   468;  2482;     8;     3;     3;     3;  -129;  -129; -12.2; drag-lps8-07; 3; 9; 125000; 17532
2023-06-18 01:52:14; hka-aqm-a106;  29.22;  29.89;   465;  2459;     5;     1;     3;     3;  -128;  -128; -11.2; drag-lps8-07; 4; 9; 125000; 17533
2023-06-18 02:07:43; hka-aqm-a106;  29.18;  30.06;   476;  2526;     5;     0;     4;     3;  -129;  -129; -14.0; drag-lps8-07; 1; 9; 125000; 17534
2023-06-18 02:23:14; hka-aqm-a106;  29.15;  30.23;   478;  2494;     8;     3;     4;     3;  -127;  -127; -12.2; drag-lps8-07; 6; 9; 125000; 17535
2023-06-18 02:38:43; hka-aqm-a106;  29.12;  30.36;   477;  2552;     5;     0;     4;     3;  -125;  -125; -10.2; drag-outd-01; 0; 9; 125000; 17536
2023-06-18 02:54:13; hka-aqm-a106;  29.07;  30.50;   486;  2472;     5;     1;     4;     3;  -124;  -124;  -9.8; drag-outd-01; 1; 9; 125000; 17538
2023-06-18 03:09:20; hka-aqm-a106;  29.05;  30.63;   480;  2470;     5;     0;     4;     3;  -126;  -126; -11.2; drag-lps8-07; 4; 9; 125000; 17539
2023-06-18 03:39:33; hka-aqm-a106;  28.98;  30.90;   485;  2448;     5;     0;     4;     3;  -127;  -127; -11.8; drag-lps8-07; 7; 9; 125000; 17541
2023-06-18 03:54:40; hka-aqm-a106;  28.94;  30.97;   486;  2428;     8;     3;     4;     3;  -126;  -126; -13.5; drag-lps8-07; 5; 9; 125000; 17542
2023-06-18 04:09:46; hka-aqm-a106;  28.93;  31.10;   488;  2394;     5;     0;     4;     3;  -123;  -123;  -9.0; drag-outd-01; 1; 9; 125000; 17543
2023-06-18 04:24:54; hka-aqm-a106;  28.90;  31.24;   494;  2361;     5;     0;     4;     3;  -126;  -126; -10.8; drag-lps8-07; 6; 9; 125000; 17544
2023-06-18 04:40:01; hka-aqm-a106;  28.88;  31.31;   489;  2350;     5;     0;     4;     3;  -125;  -125; -10.2; drag-outd-01; 0; 9; 125000; 17545
2023-06-18 04:55:07; hka-aqm-a106;  28.86;  31.37;   503;  2286;     6;     0;     4;     3;  -128;  -128; -10.5; drag-outd-01; 3; 9; 125000; 17546
2023-06-18 05:10:14; hka-aqm-a106;  28.83;  31.41;   497;  2313;     7;     1;     4;     3;  -128;  -128; -12.8; drag-lps8-07; 2; 9; 125000; 17547
2023-06-18 05:25:21; hka-aqm-a106;  28.80;  31.51;   499;  2351;    11;     3;     4;     3;  -125;  -125; -10.0; drag-lps8-07; 4; 9; 125000; 17548
2023-06-18 05:40:27; hka-aqm-a106;  28.76;  31.54;   503;  2311;    18;     5;     4;     3;  -127;  -127; -12.0; drag-lps8-07; 7; 9; 125000; 17549
2023-06-18 06:10:40; hka-aqm-a106;  28.74;  31.58;   503;  2253;    40;    11;     4;     3;  -128;  -128; -11.5; drag-lps8-07; 3; 9; 125000; 17551
2023-06-18 06:26:09; hka-aqm-a106;  28.76;  31.61;   505;  2222;    51;    15;     3;     0;  -127;  -127; -11.0; drag-lps8-07; 0; 9; 125000; 17553
2023-06-18 06:41:38; hka-aqm-a106;  28.73;  31.58;   503;  2206;    55;    15;     4;     3;  -128;  -128; -12.5; drag-lps8-07; 2; 9; 125000; 17554
2023-06-18 06:57:07; hka-aqm-a106;  28.82;  31.58;   506;  2166;    88;    24;     4;     3;  -125;  -125; -11.8; drag-lps8-07; 5; 9; 125000; 17555
2023-06-18 07:12:59; hka-aqm-a106;  28.83;  31.54;   508;  2173;   107;    28;     4;     3;  -124;  -124;  -9.5; drag-lps8-07; 6; 9; 125000; 17556
2023-06-18 07:28:06; hka-aqm-a106;  28.88;  31.54;   504;  2146;   152;    42;     4;     3;  -126;  -126;  -8.8; drag-lps8-07; 0; 9; 125000; 17557
2023-06-18 07:43:35; hka-aqm-a106;  29.04;  31.37;   513;  2118;   149;    38;     4;     3;  -124;  -124; -10.5; drag-outd-01; 3; 9; 125000; 17558
2023-06-18 07:59:04; hka-aqm-a106;  29.23;  31.17;   507;  2092;   165;    44;     4;     3;  -123;  -123;  -8.8; drag-lps8-07; 2; 9; 125000; 17559
2023-06-18 08:14:36; hka-aqm-a106;  29.45;  30.97;   508;  2157;   172;    44;     4;     3;  -126;  -126;  -8.8; drag-lps8-07; 4; 9; 125000; 17560
2023-06-18 08:30:05; hka-aqm-a106;  29.57;  30.80;   513;  2087;   179;    46;     4;     3;  -124;  -124;  -9.5; drag-lps8-07; 7; 9; 125000; 17562
2023-06-18 08:45:34; hka-aqm-a106;  29.74;  30.56;   510;  2125;   185;    47;     4;     3;  -127;  -127;  -9.8; drag-lps8-07; 3; 9; 125000; 17564
2023-06-18 09:00:41; hka-aqm-a106;  29.92;  30.36;   507;  2142;   189;    49;     4;     3;  -126;  -126; -12.0; drag-lps8-07; 5; 9; 125000; 17565
2023-06-18 09:15:47; hka-aqm-a106;  30.13;  30.23;   502;  2145;   183;    47;     4;     3;  -126;  -126;  -8.5; drag-lps8-07; 0; 9; 125000; 17566
2023-06-18 09:30:55; hka-aqm-a106;  30.23;  30.16;   503;  2127;   196;    51;     4;     3;  -124;  -124;  -9.5; drag-lps8-07; 7; 9; 125000; 17567
2023-06-18 09:46:02; hka-aqm-a106;  30.40;  29.99;   504;  2147;   199;    52;     4;     3;  -126;  -126;  -7.5; drag-outd-01; 1; 9; 125000; 17568
2023-06-18 10:01:08; hka-aqm-a106;  30.54;  29.89;   493;  2094;   201;    53;     4;     3;  -124;  -124;  -9.0; drag-lps8-07; 2; 9; 125000; 17569
2023-06-18 10:16:16; hka-aqm-a106;  30.69;  29.72;   499;  2106;   204;    55;     4;     3;  -129;  -129; -12.2; drag-lps8-02; 5; 9; 125000; 17570
2023-06-18 10:31:22; hka-aqm-a106;  30.89;  29.58;   489;  2052;   149;    39;     4;     3;  -125;  -125; -10.0; drag-lps8-07; 4; 9; 125000; 17571
2023-06-18 10:46:29; hka-aqm-a106;  30.96;  29.52;   495;  2169;   190;    52;     2;     0;  -130;  -130;  -9.0; drag-outd-01; 3; 9; 125000; 17572
2023-06-18 11:01:36; hka-aqm-a106;  31.12;  29.35;   492;  2164;   184;    51;     4;     3;  -126;  -126; -10.5; drag-lps8-07; 6; 9; 125000; 17573
2023-06-18 11:46:55; hka-aqm-a106;  31.52;  28.84;   484;  2059;   167;    47;     4;     3;  -126;  -126; -13.5; drag-lps8-07; 3; 9; 125000; 17576
2023-06-18 12:02:24; hka-aqm-a106;  31.67;  28.47;   474;  2040;   164;    47;     4;     3;  -130;  -130; -12.8; drag-lps8-02; 0; 9; 125000; 17578
2023-06-18 12:18:19; hka-aqm-a106;  31.82;  28.19;   471;  1983;   161;    48;     4;     3;  -127;  -127; -14.0; drag-lps8-07; 2; 9; 125000; 17580
2023-06-18 12:33:48; hka-aqm-a106;  32.02;  27.62;   460;  1912;   157;    47;     4;     3;  -125;  -125; -12.8; drag-lps8-07; 7; 9; 125000; 17582
2023-06-18 12:49:17; hka-aqm-a106;  32.04;  27.55;   458;  1967;   154;    47;     4;     3;  -125;  -125; -10.2; drag-lps8-07; 1; 9; 125000; 17583
2023-06-18 13:04:46; hka-aqm-a106;  32.13;  27.24;   453;  1917;   149;    44;     4;     3;  -126;  -126; -12.2; drag-lps8-02; 4; 9; 125000; 17584
2023-06-18 13:20:16; hka-aqm-a106;  32.10;  27.24;   451;  1949;   148;    44;     4;     3;  -127;  -127; -10.0; drag-lps8-07; 6; 9; 125000; 17585
2023-06-18 13:35:45; hka-aqm-a106;  32.15;  27.17;   445;  1891;   150;    45;     4;     3;  -125;  -125; -11.8; drag-lps8-07; 5; 9; 125000; 17586
2023-06-18 13:51:17; hka-aqm-a106;  32.16;  27.04;   450;  1870;   153;    45;     4;     3;  -125;  -125; -11.8; drag-lps8-07; 2; 9; 125000; 17587
2023-06-18 14:06:46; hka-aqm-a106;  32.28;  26.70;   442;  1855;   123;    34;     4;     3;  -122;  -122; -11.5; drag-lps8-07; 1; 9; 125000; 17588
2023-06-18 14:13:36; hka-aqm-a106;  32.25;  26.83;   438;  1860;   168;    51;     4;     3;  -128;  -128; -12.5; drag-lps8-07; 6; 9; 125000; 17589
2023-06-18 14:29:05; hka-aqm-a106;  32.29;  26.49;   432;  1804;   153;    46;     3;     0;  -130;  -130; -12.5; drag-lps8-07; 7; 9; 125000; 17590
2023-06-18 14:44:36; hka-aqm-a106;  32.30;  26.36;   429;  1799;   172;    51;     3;     0;  -126;  -126; -12.5; drag-lps8-07; 6; 9; 125000; 17591
2023-06-18 15:00:05; hka-aqm-a106;  32.34;  26.49;   431;  1840;   174;    53;     3;     0;  -122;  -122; -12.8; drag-lps8-07; 1; 9; 125000; 17593
2023-06-18 15:15:12; hka-aqm-a106;  32.37;  26.29;   435;  1833;   181;    55;     3;     0;  -128;  -128; -12.5; drag-lps8-07; 3; 9; 125000; 17594
2023-06-18 15:30:18; hka-aqm-a106;  32.44;  26.15;   426;  1788;   119;    32;     3;     0;  -126;  -126; -11.5; drag-lps8-07; 0; 9; 125000; 17595
2023-06-18 15:57:02; hka-aqm-a106;  32.37;  26.29;   428;  1807;    93;    27;     3;     0;  -126;  -126; -11.5; drag-outd-01; 3; 9; 125000; 17597
2023-06-18 16:12:57; hka-aqm-a106;  32.26;  26.42;   426;  1809;   203;    60;     4;     0;  -125;  -125; -10.0; drag-lps8-07; 0; 9; 125000; 17599
2023-06-18 16:19:57; hka-aqm-a106;  32.26;  26.42;   422;  1746;   140;    40;     4;     0;  -130;  -130; -12.8; drag-lps8-02; 4; 9; 125000; 17601
2023-06-18 16:35:48; hka-aqm-a106;  32.30;  26.29;   424;  1761;   198;    59;     3;     0;  -128;  -128; -12.8; drag-lps8-02; 1; 9; 125000; 17602
2023-06-18 16:51:40; hka-aqm-a106;  32.27;  26.29;   427;  1797;   129;    36;     3;     0;  -128;  -128; -13.8; drag-lps8-07; 4; 9; 125000; 17603
2023-06-18 17:07:32; hka-aqm-a106;  32.20;  26.29;   419;  1755;   159;    45;     1;     0;  -125;  -125;  -8.2; drag-lps8-07; 0; 9; 125000; 17604
2023-06-18 17:23:25; hka-aqm-a106;  32.18;  26.22;   414;  1727;   162;    47;     3;     0;  -128;  -128; -11.2; drag-lps8-02; 7; 9; 125000; 17605
2023-06-18 17:39:18; hka-aqm-a106;  32.11;  26.36;   415;  1755;   121;    32;     3;     0;  -127;  -127; -12.8; drag-lps8-07; 5; 9; 125000; 17606
2023-06-18 17:55:09; hka-aqm-a106;  31.97;  26.42;   414;  1691;    80;    20;     3;     0;  -129;  -129; -11.8; drag-lps8-07; 3; 9; 125000; 17607
2023-06-18 18:11:04; hka-aqm-a106;  31.89;  26.49;   414;  1751;   149;    42;     3;     0;  -126;  -126; -10.8; drag-lps8-07; 7; 9; 125000; 17608
2023-06-18 18:26:57; hka-aqm-a106;  31.82;  26.56;   419;  1691;    75;    19;     3;     0;  -128;  -128; -10.5; drag-lps8-07; 4; 9; 125000; 17609
2023-06-18 18:42:48; hka-aqm-a106;  31.72;  26.76;   418;  1745;    60;    16;     3;     0;  -125;  -125; -13.0; drag-lps8-07; 5; 9; 125000; 17610
2023-06-18 19:46:00; hka-aqm-a106;  31.48;  27.14;   414;  1687;    25;     6;     3;     0;  -132;  -132; -16.8; drag-lps8-07; 2; 10; 125000; 17616
2023-06-18 20:01:48; hka-aqm-a106;  31.40;  27.24;   412;  1695;    17;     4;     3;     0;  -126;  -126; -13.0; drag-lps8-07; 5; 10; 125000; 17618
2023-06-18 20:18:17; hka-aqm-a106;  31.33;  27.45;   420;  1739;    13;     3;     3;     0;  -131;  -131; -16.0; drag-lps8-02; 4; 10; 125000; 17619
2023-06-18 20:34:46; hka-aqm-a106;  31.25;  27.51;   415;  1780;    12;     4;     3;     0;  -125;  -125; -12.0; drag-outd-01; 3; 10; 125000; 17620
2023-06-18 20:51:15; hka-aqm-a106;  31.16;  27.72;   419;  1768;    10;     3;     2;     0;  -128;  -128; -10.8; drag-lps8-07; 4; 10; 125000; 17621
2023-06-18 21:07:46; hka-aqm-a106;  31.07;  27.85;   421;  1798;     6;     1;     4;     0;  -129;  -129; -11.8; drag-lps8-07; 3; 10; 125000; 17622
2023-06-18 21:24:15; hka-aqm-a106;  30.97;  27.99;   413;  1790;     6;     1;     0;     0;  -128;  -128; -12.5; drag-lps8-02; 2; 10; 125000; 17623
2023-06-18 21:40:46; hka-aqm-a106;  30.90;  28.23;   412;  1835;     5;     0;     4;     0;  -127;  -127; -12.0; drag-lps8-07; 7; 10; 125000; 17624
2023-06-18 21:57:15; hka-aqm-a106;  30.82;  28.47;   416;  1845;     5;     1;     0;     0;  -127;  -127; -12.8; drag-lps8-07; 5; 10; 125000; 17625
2023-06-18 22:13:46; hka-aqm-a106;  30.75;  28.67;   421;  1870;     5;     0;     4;     0;  -126;  -126; -12.2; drag-lps8-07; 2; 10; 125000; 17626
2023-06-18 22:30:15; hka-aqm-a106;  30.70;  28.81;   421;  1871;     5;     0;     1;     0;  -126;  -126; -11.2; drag-lps8-07; 7; 10; 125000; 17627
2023-06-18 22:46:45; hka-aqm-a106;  30.65;  28.97;   431;  1897;     5;     0;     4;     0;  -133;  -133; -13.0; drag-outd-01; 4; 10; 125000; 17628
2023-06-18 23:02:33; hka-aqm-a106;  30.61;  29.14;   424;  1899;     5;     0;     2;     0;  -135;  -135; -15.8; drag-outd-01; 6; 10; 125000; 17630
2023-06-18 23:18:21; hka-aqm-a106;  30.56;  29.28;   430;  1901;     5;     1;     4;     0;  -129;  -129; -12.2; drag-lps8-07; 2; 10; 125000; 17631
2023-06-18 23:34:08; hka-aqm-a106;  30.49;  29.48;   433;  1955;     5;     0;     4;     0;  -130;  -130; -10.0; drag-outd-01; 2; 10; 125000; 17632
2023-06-18 23:49:58; hka-aqm-a106;  30.46;  29.62;   430;  1860;     5;     0;     4;     0;  -126;  -126;  -6.5; drag-outd-01; 3; 10; 125000; 17633
