# Logfile LoRaWAN TTN/TTS V3 logger version hka-log V 1.1
date_time;device_id;tmp;hum;CO2;VOC;vis;IR;WIFI;BLE;rssi;channel_rssi;snr;gateway;channel_index;spreading_factor;bandwidth;f_cnt
2023-06-23 00:07:29; hka-aqm-a108;  30.95;  45.39;   489;  2970;     9;     3;     2;     0;  -128;  -128; -11.5; drag-outd-01; 5; 9; 125000; 172
2023-06-23 00:22:35; hka-aqm-a108;  30.92;  45.49;   491;  2907;     7;     2;     2;     0;  -129;  -129; -11.8; drag-outd-01; 2; 9; 125000; 173
2023-06-23 00:37:42; hka-aqm-a108;  30.88;  45.59;   497;  2811;     6;     0;     2;     0;  -126;  -126; -10.5; drag-lps8-02; 7; 9; 125000; 174
2023-06-23 00:52:48; hka-aqm-a108;  30.83;  45.68;   491;  2953;     9;     3;     2;     0;  -128;  -128; -13.5; drag-lps8-02; 6; 9; 125000; 175
2023-06-23 01:07:55; hka-aqm-a108;  30.80;  45.75;   493;  2933;     6;     0;     2;     0;  -126;  -126;  -9.5; drag-outd-01; 4; 9; 125000; 176
2023-06-23 01:08:41; hka-aqm-a108;  30.81;  45.75;   489;  2743;     6;     0;     2;     0;  -126;  -126;  -8.8; drag-outd-01; 3; 9; 125000; 177
2023-06-23 01:23:47; hka-aqm-a108;  30.76;  45.85;   489;  2876;     6;     0;     2;     0;  -124;  -124;  -9.0; drag-outd-01; 4; 9; 125000; 178
2023-06-23 01:38:53; hka-aqm-a108;  30.74;  45.98;   490;  2880;     6;     1;     2;     0;  -128;  -128; -10.0; drag-lps8-02; 0; 9; 125000; 179
2023-06-23 01:54:02; hka-aqm-a108;  30.72;  45.98;   489;  2876;     7;     1;     2;     0;  -124;  -124; -12.2; drag-outd-01; 5; 9; 125000; 180
2023-06-23 02:03:21; hka-aqm-a108;  30.69;  46.01;   490;  2700;     9;     3;     2;     0;  -125;  -125;  -7.2; drag-outd-01; 3; 9; 125000; 181
2023-06-23 02:18:27; hka-aqm-a108;  30.63;  46.07;   494;  2913;     6;     0;     1;     0;  -124;  -124; -11.2; drag-lps8-02; 2; 9; 125000; 182
2023-06-23 02:33:34; hka-aqm-a108;  30.61;  46.07;   490;  2845;     9;     3;     1;     0;  -125;  -125; -10.0; drag-outd-01; 1; 9; 125000; 183
2023-06-23 02:48:42; hka-aqm-a108;  30.56;  46.07;   490;  2795;     6;     2;     1;     0;  -126;  -126; -11.5; drag-outd-01; 6; 9; 125000; 184
2023-06-23 03:00:21; hka-aqm-a108;  30.54;  46.07;   500;  2680;     6;     0;     1;     0;  -126;  -126;  -9.2; drag-outd-01; 7; 9; 125000; 185
2023-06-23 03:15:27; hka-aqm-a108;  30.52;  46.14;   489;  2831;     6;     0;     1;     0;  -126;  -126; -12.2; drag-lps8-02; 1; 9; 125000; 186
2023-06-23 03:30:34; hka-aqm-a108;  30.47;  46.17;   495;  2844;     6;     1;     2;     0;  -128;  -128; -13.5; drag-lps8-02; 2; 9; 125000; 187
2023-06-23 03:38:41; hka-aqm-a108;  30.45;  46.20;   495;  2675;     6;     2;     2;     0;  -130;  -130; -12.5; drag-lps8-02; 4; 9; 125000; 188
2023-06-23 04:08:54; hka-aqm-a108;  30.40;  46.20;   499;  2835;     6;     0;     1;     0;  -126;  -126;  -9.5; drag-lps8-02; 5; 9; 125000; 190
2023-06-23 04:24:00; hka-aqm-a108;  30.36;  46.23;   491;  2735;     6;     0;     1;     0;  -128;  -128; -10.8; drag-lps8-02; 0; 9; 125000; 191
2023-06-23 04:39:07; hka-aqm-a108;  30.33;  46.20;   490;  2808;     9;     3;     1;     0;  -128;  -128; -10.8; drag-lps8-02; 7; 9; 125000; 192
2023-06-23 04:54:13; hka-aqm-a108;  30.28;  46.20;   495;  2800;     6;     0;     1;     0;  -125;  -125; -12.2; drag-lps8-02; 6; 9; 125000; 193
2023-06-23 05:08:19; hka-aqm-a108;  30.27;  46.23;   493;  2625;     7;     1;     2;     0;  -125;  -125; -10.2; drag-lps8-02; 7; 9; 125000; 194
2023-06-23 05:13:22; hka-aqm-a108;  30.25;  46.23;   493;  2618;     9;     1;     1;     0;  -126;  -126; -12.5; drag-lps8-02; 1; 9; 125000; 195
2023-06-23 05:28:28; hka-aqm-a108;  30.23;  46.20;   490;  2743;    12;     2;     1;     0;  -127;  -127;  -9.8; drag-lps8-02; 0; 9; 125000; 196
2023-06-23 05:43:35; hka-aqm-a108;  30.23;  46.17;   500;  2748;    16;     5;     2;     0;  -128;  -128; -13.5; drag-lps8-02; 2; 9; 125000; 197
2023-06-23 05:45:02; hka-aqm-a108;  30.20;  46.20;   496;  2614;    15;     2;     2;     0;  -134;  -134; -14.5; drag-outd-01; 3; 9; 125000; 198
2023-06-23 06:00:08; hka-aqm-a108;  30.19;  46.20;   492;  2791;    20;     4;     1;     0;  -130;  -130; -12.8; drag-lps8-02; 5; 9; 125000; 199
2023-06-23 06:15:15; hka-aqm-a108;  30.16;  46.14;   497;  2767;    29;     6;     2;     1;  -127;  -127; -13.2; drag-lps8-02; 6; 9; 125000; 200
2023-06-23 06:56:20; hka-aqm-a108;  29.85;  46.07;   487;  1879;   295;    68;     2;     1;  -133;  -133; -13.8; drag-lps8-08; 0; 9; 125000; 203
2023-06-23 06:57:02; hka-aqm-a108;  29.87;  46.07;   478;  1804;   426;   106;     1;     0;  -127;  -127; -10.0; drag-lps8-02; 4; 9; 125000; 205
2023-06-23 06:58:21; hka-aqm-a108;  29.73;  46.07;   480;  1730;   530;   131;     1;     0;  -130;  -130; -13.5; drag-lps8-08; 3; 9; 125000; 206
2023-06-23 07:00:40; hka-aqm-a108;  29.70;  46.20;   465;  1639;   482;   121;     1;     0;  -127;  -127; -11.8; drag-lps8-02; 7; 9; 125000; 207
2023-06-23 07:01:25; hka-aqm-a108;  29.64;  46.23;   469;  1634;   683;   176;     0;     0;  -128;  -128; -14.2; drag-lps8-02; 6; 9; 125000; 208
2023-06-23 07:02:11; hka-aqm-a108;  29.63;  46.27;   471;  1630;   746;   188;     1;     0;  -126;  -126; -11.5; drag-lps8-02; 4; 9; 125000; 209
2023-06-23 07:03:01; hka-aqm-a108;  29.62;  46.39;   471;  1512;   945;   242;     1;     1;  -131;  -131; -12.8; drag-lps8-08; 5; 9; 125000; 210
2023-06-23 07:11:40; hka-aqm-a108;  29.62;  46.39;   465;  1542;  1012;   231;     1;     0;  -128;  -128; -13.8; drag-outd-01; 7; 9; 125000; 211
2023-06-23 07:12:41; hka-aqm-a108;  29.58;  46.36;   463;  1561;  1145;   270;     1;     0;  -131;  -131; -11.2; drag-lps8-08; 5; 9; 125000; 212
2023-06-23 07:23:21; hka-aqm-a108;  29.77;  46.01;   462;  1463;  1304;   313;     1;     0;  -133;  -133; -13.0; drag-outd-01; 3; 9; 125000; 213
2023-06-23 07:27:39; hka-aqm-a108;  29.83;  46.01;   459;  1463;  1289;   305;     1;     0;  -128;  -128; -12.8; drag-outd-01; 1; 9; 125000; 214
2023-06-23 07:28:19; hka-aqm-a108;  29.74;  45.98;   462;  1459;  1159;   273;     1;     0;  -130;  -130; -13.0; drag-outd-01; 0; 9; 125000; 216
2023-06-23 07:28:42; hka-aqm-a108;  29.80;  45.98;   460;  1455;  1003;   238;     1;     0;  -130;  -130; -11.8; drag-lps8-08; 6; 9; 125000; 217
2023-06-23 07:29:04; hka-aqm-a108;  29.75;  45.94;   458;  1421;   945;   224;     0;     0;  -130;  -130; -13.5; drag-lps8-02; 0; 9; 125000; 218
2023-06-23 07:35:21; hka-aqm-a108;  29.72;  45.91;   461;  1467;   724;   174;     2;     0;  -130;  -130; -10.5; drag-lps8-08; 5; 9; 125000; 220
2023-06-23 07:35:44; hka-aqm-a108;  29.70;  45.81;   459;  1472;   890;   216;     2;     0;  -126;  -126;  -9.5; drag-lps8-02; 4; 9; 125000; 221
2023-06-23 07:36:06; hka-aqm-a108;  29.72;  45.91;   458;  1540;  1021;   251;     0;     0;  -131;  -131; -12.0; drag-lps8-08; 3; 9; 125000; 222
2023-06-23 07:36:29; hka-aqm-a108;  29.74;  45.88;   457;  1513;  1097;   270;     0;     0;  -129;  -129; -11.8; drag-outd-01; 1; 9; 125000; 223
2023-06-23 07:36:52; hka-aqm-a108;  29.70;  45.88;   456;  1496;  1195;   296;     0;     0;  -121;  -121;  -8.2; drag-outd-01; 2; 9; 125000; 224
2023-06-23 07:37:39; hka-aqm-a108;  29.67;  45.81;   459;  1485;  1394;   345;     0;     1;  -126;  -126; -10.8; drag-lps8-02; 5; 9; 125000; 226
2023-06-23 07:38:42; hka-aqm-a108;  29.68;  45.85;   465;  1470;  1262;   309;     0;     0;  -130;  -130; -11.0; drag-lps8-08; 4; 9; 125000; 227
2023-06-23 07:40:42; hka-aqm-a108;  29.70;  45.81;   459;  1441;  1096;   275;     1;     0;  -127;  -127; -13.0; drag-lps8-02; 6; 9; 125000; 229
2023-06-23 07:41:04; hka-aqm-a108;  29.66;  45.81;   455;  1437;   909;   228;     0;     0;  -123;  -123; -10.0; drag-outd-01; 2; 9; 125000; 230
2023-06-23 07:42:01; hka-aqm-a108;  29.70;  45.81;   453;  1414;   931;   237;     1;     0;  -126;  -126; -13.2; drag-lps8-02; 4; 9; 125000; 231
2023-06-23 07:43:09; hka-aqm-a108;  29.65;  45.81;   457;  1322;  1046;   265;     0;     0;  -130;  -130; -13.2; drag-lps8-02; 7; 9; 125000; 232
2023-06-23 07:43:54; hka-aqm-a108;  29.65;  45.91;   455;  1355;   983;   242;     0;     0;  -124;  -124; -10.5; drag-outd-01; 1; 9; 125000; 233
2023-06-23 07:44:19; hka-aqm-a108;  29.67;  45.91;   457;  1372;  1138;   290;     1;     0;  -128;  -128; -11.5; drag-outd-01; 0; 9; 125000; 234
2023-06-23 07:45:39; hka-aqm-a108;  29.66;  45.85;   455;  1397;  1282;   315;     0;     1;  -124;  -124;  -9.2; drag-lps8-02; 4; 9; 125000; 235
2023-06-23 07:47:40; hka-aqm-a108;  29.72;  45.81;   453;  1353;  1191;   274;     1;     0;  -130;  -130; -13.0; drag-lps8-08; 5; 9; 125000; 236
2023-06-23 07:49:23; hka-aqm-a108;  29.63;  45.88;   459;  1361;  1359;   324;     3;     1;  -124;  -124; -11.5; drag-lps8-02; 6; 9; 125000; 237
2023-06-23 07:49:45; hka-aqm-a108;  29.66;  45.88;   455;  1384;  1548;   362;     0;     0;  -129;  -129; -13.8; drag-lps8-02; 7; 9; 125000; 238
2023-06-23 07:50:39; hka-aqm-a108;  29.65;  45.81;   457;  1381;  1259;   278;     0;     1;  -128;  -128; -10.8; drag-lps8-02; 4; 9; 125000; 240
2023-06-23 07:51:02; hka-aqm-a108;  29.62;  45.81;   455;  1383;  1152;   260;     0;     0;  -131;  -131; -13.8; drag-lps8-02; 0; 9; 125000; 241
2023-06-23 07:51:24; hka-aqm-a108;  29.68;  45.81;   454;  1387;  1048;   245;     0;     0;  -127;  -127; -10.0; drag-lps8-02; 7; 9; 125000; 242
2023-06-23 07:51:47; hka-aqm-a108;  29.72;  45.75;   453;  1395;   968;   218;     0;     0;  -126;  -126; -13.8; drag-lps8-02; 6; 9; 125000; 243
2023-06-23 07:52:32; hka-aqm-a108;  29.68;  45.78;   454;  1396;  1395;   327;     0;     0;  -124;  -124; -10.2; drag-lps8-02; 5; 9; 125000; 245
2023-06-23 07:53:00; hka-aqm-a108;  29.66;  45.75;   454;  1390;  1622;   373;     0;     0;  -125;  -125; -11.2; drag-outd-01; 1; 9; 125000; 246
2023-06-23 07:53:45; hka-aqm-a108;  29.64;  45.78;   453;  1392;  1436;   310;     1;     0;  -126;  -126; -12.2; drag-lps8-08; 4; 9; 125000; 248
2023-06-23 07:54:53; hka-aqm-a108;  29.67;  45.81;   454;  1387;  1686;   392;     1;     0;  -127;  -127; -13.2; drag-lps8-02; 6; 9; 125000; 251
2023-06-23 07:56:20; hka-aqm-a108;  29.68;  45.75;   454;  1383;  1709;   373;     1;     0;  -131;  -131; -14.0; drag-lps8-08; 3; 9; 125000; 252
2023-06-23 07:58:21; hka-aqm-a108;  29.72;  45.52;   456;  1453;  1425;   309;     1;     0;  -128;  -128; -10.5; drag-lps8-02; 5; 9; 125000; 254
2023-06-23 07:59:02; hka-aqm-a108;  29.74;  45.56;   460;  1444;  1172;   248;     0;     0;  -127;  -127; -12.8; drag-lps8-08; 4; 9; 125000; 256
2023-06-23 08:01:00; hka-aqm-a108;  29.76;  45.46;   467;  1460;  1122;   242;     2;     0;  -127;  -127; -14.2; drag-outd-01; 7; 9; 125000; 257
2023-06-23 08:02:08; hka-aqm-a108;  29.79;  45.36;   458;  1407;  1450;   315;     1;     0;  -128;  -128; -12.5; drag-lps8-02; 5; 9; 125000; 258
2023-06-23 08:05:01; hka-aqm-a108;  29.75;  45.49;   460;  1403;  1831;   389;     1;     0;  -126;  -126; -12.0; drag-lps8-02; 3; 9; 125000; 259
2023-06-23 08:07:03; hka-aqm-a108;  29.74;  45.43;   456;  1428;  1596;   326;     0;     0;  -127;  -127; -12.8; drag-lps8-08; 2; 9; 125000; 260
2023-06-23 08:07:48; hka-aqm-a108;  29.78;  45.43;   458;  1399;  1759;   388;     0;     0;  -127;  -127; -10.0; drag-lps8-02; 4; 9; 125000; 261
2023-06-23 08:09:41; hka-aqm-a108;  29.77;  45.36;   461;  1404;  1724;   371;     1;     3;  -128;  -128; -13.2; drag-lps8-08; 3; 9; 125000; 262
2023-06-23 08:10:48; hka-aqm-a108;  29.75;  45.36;   457;  1468;  1355;   290;     1;     0;  -126;  -126;  -8.5; drag-lps8-02; 4; 9; 125000; 263
2023-06-23 08:12:21; hka-aqm-a108;  29.76;  45.36;   457;  1403;  1067;   230;     0;     0;  -128;  -128; -12.8; drag-lps8-02; 5; 9; 125000; 264
2023-06-23 08:13:29; hka-aqm-a108;  29.70;  45.26;   456;  1398;  1315;   277;     0;     1;  -130;  -130; -12.2; drag-lps8-02; 0; 9; 125000; 265
2023-06-23 08:15:40; hka-aqm-a108;  29.81;  45.26;   457;  1439;  1247;   277;     1;     1;  -125;  -125; -10.2; drag-lps8-02; 7; 9; 125000; 267
2023-06-23 08:17:01; hka-aqm-a108;  29.73;  45.26;   464;  1419;  1020;   229;     1;     1;  -126;  -126; -11.5; drag-outd-01; 1; 9; 125000; 268
2023-06-23 08:18:21; hka-aqm-a108;  29.77;  45.33;   460;  1365;   943;   217;     0;     1;  -128;  -128; -13.5; drag-lps8-02; 7; 9; 125000; 269
2023-06-23 08:19:41; hka-aqm-a108;  29.76;  45.33;   460;  1373;   760;   177;     0;     1;  -127;  -127; -12.8; drag-outd-01; 1; 9; 125000; 270
2023-06-23 08:22:21; hka-aqm-a108;  29.71;  45.46;   457;  1347;   613;   143;     1;     0;  -126;  -126; -11.0; drag-lps8-08; 2; 9; 125000; 271
2023-06-23 08:23:21; hka-aqm-a108;  29.70;  45.43;   454;  1338;   854;   204;     0;     0;  -128;  -128; -10.5; drag-lps8-02; 5; 9; 125000; 272
2023-06-23 08:26:00; hka-aqm-a108;  29.60;  45.49;   453;  1350;   607;   136;     1;     1;  -127;  -127;  -9.8; drag-lps8-02; 5; 9; 125000; 273
2023-06-23 08:27:00; hka-aqm-a108;  29.64;  45.49;   457;  1395;   407;    90;     0;     1;  -127;  -127; -13.2; drag-lps8-02; 6; 9; 125000; 274
2023-06-23 08:28:39; hka-aqm-a108;  29.59;  45.49;   465;  1338;   318;    72;     1;     1;  -127;  -127; -14.0; drag-lps8-02; 3; 9; 125000; 275
2023-06-23 08:32:44; hka-aqm-a108;  29.63;  45.39;   456;  1351;   606;   142;     1;     1;  -129;  -129; -11.2; drag-lps8-08; 3; 9; 125000; 276
2023-06-23 08:34:20; hka-aqm-a108;  29.66;  45.36;   457;  1381;   807;   184;     1;     2;  -129;  -129; -12.2; drag-lps8-02; 0; 9; 125000; 278
2023-06-23 08:35:22; hka-aqm-a108;  29.72;  45.33;   457;  1377;   894;   193;     1;     2;  -129;  -129; -14.8; drag-lps8-02; 2; 9; 125000; 279
2023-06-23 08:35:44; hka-aqm-a108;  29.67;  45.36;   455;  1395;  1149;   253;     0;     1;  -122;  -122;  -7.5; drag-lps8-02; 4; 9; 125000; 280
2023-06-23 08:36:07; hka-aqm-a108;  29.65;  45.36;   454;  1385;  1057;   214;     1;     1;  -125;  -125; -12.0; drag-lps8-02; 1; 9; 125000; 281
2023-06-23 08:38:42; hka-aqm-a108;  29.70;  45.36;   462;  1362;  1273;   272;     0;     3;  -127;  -127; -12.8; drag-lps8-08; 5; 9; 125000; 283
2023-06-23 08:39:21; hka-aqm-a108;  29.69;  45.36;   459;  1353;  1241;   253;     0;     3;  -127;  -127; -12.2; drag-lps8-08; 2; 9; 125000; 284
2023-06-23 08:39:44; hka-aqm-a108;  29.74;  45.33;   459;  1356;  1439;   299;     0;     2;  -129;  -129; -12.2; drag-lps8-08; 3; 9; 125000; 285
2023-06-23 08:41:59; hka-aqm-a108;  29.74;  45.17;   460;  1361;  1313;   257;     1;     3;  -126;  -126; -11.5; drag-lps8-02; 6; 9; 125000; 286
2023-06-23 08:42:22; hka-aqm-a108;  29.75;  45.07;   458;  1357;  1546;   322;     1;     1;  -129;  -129; -14.0; drag-lps8-08; 4; 9; 125000; 287
2023-06-23 08:42:44; hka-aqm-a108;  29.75;  45.10;   457;  1358;  1346;   269;     1;     2;  -128;  -128; -12.8; drag-lps8-02; 7; 9; 125000; 288
2023-06-23 08:43:07; hka-aqm-a108;  29.69;  45.07;   456;  1356;  1290;   261;     1;     3;  -128;  -128; -13.2; drag-lps8-08; 1; 9; 125000; 289
2023-06-23 08:45:01; hka-aqm-a108;  29.72;  44.91;   458;  1351;  1649;   341;     0;     2;  -127;  -127;  -9.8; drag-lps8-02; 5; 9; 125000; 291
2023-06-23 08:46:42; hka-aqm-a108;  29.77;  44.88;   456;  1338;  1475;   287;     0;     3;  -125;  -125; -11.0; drag-lps8-08; 4; 9; 125000; 293
2023-06-23 08:47:40; hka-aqm-a108;  29.84;  44.78;   458;  1316;  1414;   285;     1;     2;  -126;  -126; -11.0; drag-outd-01; 1; 9; 125000; 294
2023-06-23 08:48:25; hka-aqm-a108;  29.78;  44.59;   456;  1335;  1212;   240;     0;     0;  -132;  -132; -13.0; drag-lps8-02; 0; 9; 125000; 295
2023-06-23 08:49:11; hka-aqm-a108;  29.85;  44.71;   456;  1341;  1271;   259;     0;     1;  -131;  -131; -14.2; drag-lps8-02; 7; 9; 125000; 296
2023-06-23 08:50:01; hka-aqm-a108;  29.79;  44.65;   456;  1349;  1152;   223;     1;     2;  -127;  -127; -10.0; drag-lps8-02; 4; 9; 125000; 297
2023-06-23 08:50:59; hka-aqm-a108;  29.80;  44.55;   460;  1342;  1284;   260;     0;     2;  -129;  -129; -10.0; drag-lps8-02; 0; 9; 125000; 298
2023-06-23 08:56:19; hka-aqm-a108;  29.88;  44.10;   459;  1293;  1309;   252;     2;     3;  -127;  -127;  -9.8; drag-lps8-02; 5; 9; 125000; 300
2023-06-23 08:58:00; hka-aqm-a108;  29.88;  43.90;   458;  1268;  1575;   316;     0;     3;  -125;  -125;  -8.0; drag-lps8-02; 0; 9; 125000; 301
2023-06-23 09:06:20; hka-aqm-a108;  30.01;  43.25;   455;  1212;  1704;   337;     1;     2;  -128;  -128; -12.8; drag-lps8-08; 3; 9; 125000; 302
2023-06-23 09:11:41; hka-aqm-a108;  30.05;  43.06;   454;  1266;  1489;   284;     1;     5;  -126;  -126;  -9.0; drag-lps8-02; 5; 9; 125000; 303
2023-06-23 09:12:26; hka-aqm-a108;  30.05;  43.03;   454;  1261;  1477;   283;     1;     3;  -124;  -124; -11.5; drag-lps8-02; 6; 9; 125000; 304
2023-06-23 09:14:42; hka-aqm-a108;  30.09;  42.90;   458;  1303;  1326;   256;     2;     2;  -128;  -128; -13.0; drag-lps8-08; 3; 9; 125000; 305
2023-06-23 09:16:43; hka-aqm-a108;  30.07;  42.90;   460;  1271;  1664;   346;     0;     3;  -128;  -128; -14.2; drag-outd-01; 2; 9; 125000; 306
2023-06-23 09:17:20; hka-aqm-a108;  30.07;  42.83;   461;  1269;  1556;   322;     1;     3;  -125;  -125; -10.8; drag-lps8-02; 6; 9; 125000; 307
2023-06-23 09:21:00; hka-aqm-a108;  30.13;  42.57;   460;  1246;  1643;   342;     1;     3;  -128;  -128; -13.5; drag-outd-01; 4; 9; 125000; 308
2023-06-23 09:22:00; hka-aqm-a108;  30.10;  42.41;   456;  1188;  1374;   269;     1;     1;  -124;  -124; -12.5; drag-lps8-02; 1; 9; 125000; 309
2023-06-23 09:22:45; hka-aqm-a108;  30.09;  42.38;   460;  1177;  1257;   243;     1;     4;  -121;  -121; -11.8; drag-outd-01; 6; 9; 125000; 310
2023-06-23 09:23:31; hka-aqm-a108;  30.17;  42.44;   462;  1167;  1449;   300;     0;     2;  -132;  -132; -12.8; drag-lps8-02; 0; 9; 125000; 311
2023-06-23 09:25:39; hka-aqm-a108;  30.11;  42.38;   468;  1193;  1104;   222;     1;     2;  -124;  -124;  -9.2; drag-outd-01; 2; 9; 125000; 312
2023-06-23 09:27:43; hka-aqm-a108;  30.13;  42.38;   466;  1218;  1179;   246;     0;     2;  -126;  -126; -12.0; drag-lps8-02; 5; 9; 125000; 314
2023-06-23 09:28:06; hka-aqm-a108;  30.13;  42.18;   460;  1175;  1182;   248;     1;     2;  -128;  -128; -11.0; drag-lps8-08; 3; 9; 125000; 315
2023-06-23 09:30:02; hka-aqm-a108;  30.02;  41.85;   456;  1085;   852;   175;     1;     3;  -126;  -126; -12.5; drag-lps8-02; 1; 9; 125000; 316
2023-06-23 09:31:00; hka-aqm-a108;  30.00;  42.11;   455;  1100;  1003;   218;     1;     5;  -128;  -128; -15.0; drag-lps8-02; 3; 9; 125000; 317
2023-06-23 09:31:45; hka-aqm-a108;  29.99;  42.05;   454;  1104;   864;   174;     1;     5;  -128;  -128; -11.0; drag-lps8-08; 2; 9; 125000; 318
2023-06-23 09:33:03; hka-aqm-a108;  29.93;  42.11;   454;  1106;   927;   186;     2;     4;  -128;  -128; -13.8; drag-lps8-02; 1; 9; 125000; 319
2023-06-23 09:33:26; hka-aqm-a108;  30.08;  42.08;   454;  1115;   980;   194;     0;     2;  -124;  -124;  -6.8; drag-lps8-02; 5; 9; 125000; 320
2023-06-23 09:36:20; hka-aqm-a108;  29.97;  42.18;   460;  1114;  1123;   234;     1;     2;  -123;  -123;  -9.0; drag-lps8-02; 3; 9; 125000; 322
2023-06-23 09:37:41; hka-aqm-a108;  29.99;  42.11;   459;  1127;   959;   193;     0;     3;  -127;  -127; -13.0; drag-lps8-02; 6; 9; 125000; 324
2023-06-23 09:38:03; hka-aqm-a108;  30.00;  42.11;   458;  1135;   861;   168;     0;     3;  -126;  -126; -11.5; drag-lps8-02; 5; 9; 125000; 325
2023-06-23 09:39:21; hka-aqm-a108;  30.01;  42.05;   457;  1148;   946;   191;     0;     4;  -124;  -124;  -9.0; drag-lps8-02; 4; 9; 125000; 327
2023-06-23 09:40:20; hka-aqm-a108;  30.06;  41.72;   457;  1151;   969;   190;     1;     4;  -126;  -126; -12.8; drag-lps8-02; 1; 9; 125000; 328
2023-06-23 09:41:19; hka-aqm-a108;  30.07;  42.08;   465;  1147;  1053;   212;     1;     4;  -127;  -127; -11.8; drag-lps8-02; 7; 9; 125000; 329
2023-06-23 09:42:39; hka-aqm-a108;  30.05;  41.72;   467;  1173;   996;   191;     1;     4;  -126;  -126; -13.5; drag-lps8-02; 6; 9; 125000; 330
2023-06-23 09:44:00; hka-aqm-a108;  30.05;  41.92;   465;  1157;   936;   185;     1;     3;  -131;  -131; -12.2; drag-lps8-02; 0; 9; 125000; 331
2023-06-23 09:54:20; hka-aqm-a108;  30.14;  41.69;   467;  1091;   960;   180;     1;     6;  -131;  -131; -13.8; drag-lps8-08; 5; 9; 125000; 334
2023-06-23 09:55:19; hka-aqm-a108;  30.14;  41.82;   469;  1175;  1177;   239;     0;     4;  -132;  -132; -14.2; drag-lps8-08; 3; 9; 125000; 335
2023-06-23 09:58:39; hka-aqm-a108;  30.17;  41.66;   469;  1155;   777;   154;     2;     4;  -130;  -130; -12.5; drag-lps8-08; 1; 9; 125000; 337
2023-06-23 09:59:40; hka-aqm-a108;  30.13;  41.53;   476;  1153;   874;   179;     1;     4;  -128;  -128; -10.5; drag-lps8-02; 7; 9; 125000; 338
2023-06-23 10:03:21; hka-aqm-a108;  30.21;  41.46;   467;  1142;   896;   182;     1;     5;  -127;  -127;  -9.0; drag-lps8-08; 2; 9; 125000; 339
2023-06-23 10:04:43; hka-aqm-a108;  30.18;  41.40;   468;  1165;   885;   185;     1;     4;  -124;  -124;  -7.0; drag-lps8-02; 4; 9; 125000; 340
2023-06-23 10:05:06; hka-aqm-a108;  30.24;  41.20;   464;  1147;   882;   188;     1;     4;  -129;  -129; -12.2; drag-lps8-08; 2; 9; 125000; 341
2023-06-23 10:05:51; hka-aqm-a108;  30.24;  41.26;   462;  1132;   735;   150;     1;     3;  -126;  -126; -10.5; drag-outd-01; 4; 9; 125000; 342
2023-06-23 10:07:40; hka-aqm-a108;  30.19;  41.40;   468;  1116;   531;   111;     1;     5;  -125;  -125; -11.0; drag-lps8-02; 6; 9; 125000; 343
2023-06-23 10:11:19; hka-aqm-a108;  30.16;  41.26;   469;  1131;   707;   159;     1;     6;  -127;  -127; -10.2; drag-lps8-02; 7; 9; 125000; 344
2023-06-23 10:12:04; hka-aqm-a108;  30.12;  41.40;   466;  1156;   599;   120;     1;     4;  -131;  -131; -12.8; drag-outd-01; 3; 9; 125000; 345
2023-06-23 10:15:01; hka-aqm-a108;  30.04;  41.00;   467;  1107;   477;    98;     1;     5;  -127;  -127; -12.0; drag-outd-01; 1; 9; 125000; 346
2023-06-23 10:16:59; hka-aqm-a108;  30.10;  41.20;   473;  1112;   592;   125;     0;     6;  -130;  -130; -11.8; drag-lps8-08; 5; 9; 125000; 348
2023-06-23 10:19:00; hka-aqm-a108;  30.09;  41.17;   468;  1180;   574;   110;     1;     7;  -132;  -132; -12.8; drag-lps8-02; 0; 9; 125000; 350
2023-06-23 10:19:41; hka-aqm-a108;  30.11;  41.07;   468;  1151;   806;   168;     1;     7;  -128;  -128; -11.8; drag-lps8-08; 2; 9; 125000; 352
2023-06-23 10:21:41; hka-aqm-a108;  30.14;  41.13;   470;  1127;   721;   141;     1;     8;  -130;  -130; -11.5; drag-lps8-02; 0; 9; 125000; 353
2023-06-23 10:22:04; hka-aqm-a108;  30.10;  41.20;   469;  1127;   858;   177;     0;     7;  -129;  -129; -12.2; drag-lps8-02; 7; 9; 125000; 354
2023-06-23 10:23:00; hka-aqm-a108;  30.06;  41.17;   476;  1127;   917;   188;     0;     9;  -125;  -125; -10.2; drag-lps8-02; 3; 9; 125000; 355
2023-06-23 10:26:40; hka-aqm-a108;  30.20;  41.00;   471;  1221;   842;   171;     1;     9;  -124;  -124; -12.5; drag-lps8-02; 5; 9; 125000; 356
2023-06-23 10:27:03; hka-aqm-a108;  30.14;  41.26;   471;  1229;   751;   149;     0;     6;  -125;  -125;  -8.2; drag-lps8-02; 4; 9; 125000; 357
2023-06-23 10:27:25; hka-aqm-a108;  30.14;  41.26;   471;  1226;   856;   179;     0;     6;  -127;  -127; -11.8; drag-lps8-02; 1; 9; 125000; 358
2023-06-23 10:31:40; hka-aqm-a108;  30.20;  41.30;   472;  1226;   894;   186;     1;     7;  -126;  -126; -10.0; drag-outd-01; 4; 9; 125000; 360
2023-06-23 10:35:42; hka-aqm-a108;  30.23;  40.87;   475;  1237;   770;   147;     0;     7;  -122;  -122;  -9.2; drag-outd-01; 5; 9; 125000; 362
2023-06-23 10:37:21; hka-aqm-a108;  30.30;  40.48;   472;  1172;   971;   189;     1;     9;  -125;  -125; -10.2; drag-outd-01; 2; 9; 125000; 363
2023-06-23 10:53:13; hka-aqm-a108;  30.38;  40.15;   478;  1256;   820;   171;     1;    12;  -127;  -127; -11.8; drag-lps8-02; 6; 9; 125000; 364
2023-06-23 10:54:59; hka-aqm-a108;  30.28;  40.35;   479;  1195;   685;   136;     1;    12;  -130;  -130; -13.5; drag-lps8-08; 2; 9; 125000; 365
2023-06-23 11:00:03; hka-aqm-a108;  30.36;  39.89;   479;  1116;   588;   132;     1;    11;  -132;  -132; -12.5; drag-lps8-08; 5; 9; 125000; 366
2023-06-23 11:00:39; hka-aqm-a108;  30.38;  40.22;   486;  1112;   463;    98;     0;     9;  -128;  -128; -11.8; drag-outd-01; 4; 9; 125000; 367
2023-06-23 11:01:47; hka-aqm-a108;  30.28;  40.15;   487;  1114;   553;   118;     0;     6;  -131;  -131; -12.0; drag-lps8-08; 1; 9; 125000; 368
2023-06-23 11:02:21; hka-aqm-a108;  30.34;  40.18;   483;  1081;   466;    95;     0;     5;  -128;  -128; -12.5; drag-outd-01; 0; 9; 125000; 369
2023-06-23 11:04:01; hka-aqm-a108;  30.32;  40.22;   481;  1134;   505;   112;     1;     6;  -128;  -128; -13.0; drag-lps8-02; 4; 9; 125000; 370
2023-06-23 11:05:59; hka-aqm-a108;  30.33;  40.02;   482;  1191;   426;    86;     1;     6;  -132;  -132; -13.0; drag-lps8-08; 3; 9; 125000; 371
2023-06-23 11:07:00; hka-aqm-a108;  30.28;  40.15;   481;  1154;   539;   118;     0;     5;  -128;  -128; -10.5; drag-lps8-08; 2; 9; 125000; 373
2023-06-23 11:07:40; hka-aqm-a108;  30.39;  40.28;   486;  1142;   406;    82;     1;     3;  -123;  -123; -11.0; drag-outd-01; 5; 9; 125000; 374
2023-06-23 11:08:44; hka-aqm-a108;  30.42;  40.28;   491;  1136;   452;    94;     0;     4;  -128;  -128; -13.2; drag-outd-01; 2; 9; 125000; 376
2023-06-23 11:09:40; hka-aqm-a108;  30.45;  40.15;   499;  1189;   567;   123;     1;     5;  -130;  -130; -12.5; drag-lps8-08; 3; 9; 125000; 377
2023-06-23 11:10:03; hka-aqm-a108;  30.54;  40.08;   501;  1211;   478;    98;     1;     5;  -127;  -127; -10.0; drag-outd-01; 4; 9; 125000; 378
2023-06-23 11:14:40; hka-aqm-a108;  30.84;  40.15;   517;  1408;   541;   115;     1;     5;  -132;  -132; -13.2; drag-lps8-08; 1; 9; 125000; 380
2023-06-23 11:15:03; hka-aqm-a108;  30.86;  40.08;   513;  1416;   456;    93;     1;     5;  -128;  -128;  -8.8; drag-lps8-08; 5; 9; 125000; 381
2023-06-23 11:23:00; hka-aqm-a108;  31.26;  39.72;   561;  1563;   483;   100;     1;     5;  -123;  -123; -10.0; drag-outd-01; 0; 9; 125000; 382
2023-06-23 11:23:23; hka-aqm-a108;  31.24;  39.69;   567;  1570;   559;   124;     1;     2;  -122;  -122; -13.2; drag-outd-01; 6; 9; 125000; 383
2023-06-23 11:38:20; hka-aqm-a108;  31.63;  39.56;   603;  1670;   319;    77;     1;     3;  -130;  -130; -13.2; drag-lps8-08; 4; 9; 125000; 385
2023-06-23 11:54:11; hka-aqm-a108;  31.61;  37.88;   568;  1716;   573;   113;     1;     4;  -128;  -128; -13.5; drag-lps8-02; 2; 9; 125000; 387
2023-06-23 11:56:20; hka-aqm-a108;  31.42;  38.27;   522;  1576;   469;    98;     1;     4;  -132;  -132; -13.0; drag-outd-01; 3; 9; 125000; 388
2023-06-23 12:11:01; hka-aqm-a108;  30.93;  37.35;   475;  1044;   313;    72;     1;     5;  -122;  -122;  -7.0; drag-outd-01; 4; 9; 125000; 389
2023-06-23 12:26:30; hka-aqm-a108;  30.76;  36.98;   463;  1078;   432;    82;     2;     5;  -130;  -130; -10.8; drag-lps8-02; 0; 9; 125000; 390
2023-06-23 12:42:01; hka-aqm-a108;  30.85;  37.18;   458;  1153;   303;    65;     2;     5;  -127;  -127; -12.0; drag-lps8-02; 1; 9; 125000; 391
2023-06-23 12:57:30; hka-aqm-a108;  30.78;  36.98;   471;  1234;   312;    67;     2;     5;  -126;  -126; -11.0; drag-lps8-02; 6; 9; 125000; 392
2023-06-23 13:13:24; hka-aqm-a108;  30.93;  36.39;   490;  1254;   321;    60;     2;     5;  -123;  -123;  -8.2; drag-outd-01; 4; 9; 125000; 393
2023-06-23 13:28:30; hka-aqm-a108;  30.94;  35.39;   471;  1104;   369;    81;     3;     5;  -130;  -130; -12.5; drag-lps8-02; 7; 9; 125000; 394
2023-06-23 13:44:01; hka-aqm-a108;  30.80;  34.36;   467;   960;   297;    51;     3;     7;  -131;  -131; -13.8; drag-lps8-08; 3; 9; 125000; 395
2023-06-23 13:59:30; hka-aqm-a108;  30.70;  34.32;   453;   967;   336;    77;     3;     8;  -127;  -127;  -9.8; drag-lps8-02; 5; 9; 125000; 396
2023-06-23 14:15:00; hka-aqm-a108;  30.71;  33.45;   456;   891;   285;    52;     3;     8;  -130;  -130; -13.0; drag-lps8-02; 5; 9; 125000; 398
2023-06-23 14:30:07; hka-aqm-a108;  30.68;  33.99;   453;   944;   321;    70;     3;    11;  -130;  -130; -11.2; drag-outd-01; 3; 9; 125000; 399
2023-06-23 14:45:13; hka-aqm-a108;  30.60;  34.06;   466;   934;   295;    59;     3;    11;  -125;  -125;  -9.8; drag-lps8-02; 6; 9; 125000; 400
2023-06-23 15:00:20; hka-aqm-a108;  30.54;  33.32;   468;   946;   325;    68;     3;    11;  -130;  -130; -12.2; drag-lps8-02; 7; 9; 125000; 401
2023-06-23 15:45:39; hka-aqm-a108;  30.57;  31.78;   457;   762;   311;    65;     3;    13;  -126;  -126; -11.5; drag-outd-01; 2; 9; 125000; 404
2023-06-23 16:00:45; hka-aqm-a108;  30.48;  31.98;   447;   791;   251;    50;     3;    13;  -127;  -127;  -9.8; drag-lps8-02; 4; 9; 125000; 405
2023-06-23 16:31:00; hka-aqm-a108;  30.44;  31.95;   449;   809;   288;    58;     3;    13;  -129;  -129; -10.8; drag-lps8-08; 2; 9; 125000; 407
2023-06-23 16:46:06; hka-aqm-a108;  30.34;  31.24;   450;   639;   273;    55;     3;    13;  -130;  -130; -11.5; drag-lps8-08; 1; 9; 125000; 408
2023-06-23 17:01:13; hka-aqm-a108;  30.42;  31.64;   453;   891;   211;    40;     3;    13;  -124;  -124;  -7.0; drag-lps8-02; 4; 9; 125000; 409
2023-06-23 17:16:20; hka-aqm-a108;  30.40;  30.97;   439;   635;   205;    33;     3;    13;  -126;  -126; -11.0; drag-lps8-02; 6; 9; 125000; 410
2023-06-23 17:31:49; hka-aqm-a108;  30.40;  30.02;   437;   608;   329;    68;     3;    13;  -125;  -125; -10.0; drag-lps8-02; 3; 9; 125000; 412
2023-06-23 17:47:21; hka-aqm-a108;  30.18;  30.26;   433;   552;   198;    33;     3;    13;  -126;  -126; -10.8; drag-lps8-02; 1; 9; 125000; 414
2023-06-23 18:02:50; hka-aqm-a108;  30.19;  30.23;   440;   613;   174;    25;     3;    13;  -129;  -129;  -9.8; drag-lps8-02; 7; 9; 125000; 415
2023-06-23 18:18:20; hka-aqm-a108;  30.13;  30.16;   432;   616;   178;    30;     3;    13;  -127;  -127;  -6.2; drag-outd-01; 0; 9; 125000; 416
2023-06-23 18:33:49; hka-aqm-a108;  29.98;  29.82;   439;   600;   208;    39;     3;    13;  -127;  -127; -10.0; drag-lps8-02; 5; 9; 125000; 417
2023-06-23 18:49:21; hka-aqm-a108;  30.04;  29.92;   429;   550;   168;    25;     3;    13;  -128;  -128; -11.2; drag-lps8-02; 5; 9; 125000; 418
2023-06-23 19:04:50; hka-aqm-a108;  29.92;  29.65;   429;   541;   156;    22;     3;    13;  -127;  -127; -11.8; drag-outd-01; 1; 9; 125000; 419
2023-06-23 19:20:20; hka-aqm-a108;  29.94;  29.75;   432;   602;   140;    19;     3;    13;  -132;  -132; -14.5; drag-lps8-08; 3; 9; 125000; 420
2023-06-23 19:35:49; hka-aqm-a108;  30.17;  29.82;   431;  1060;   132;    18;     3;    13;  -132;  -132; -12.0; drag-lps8-08; 4; 9; 125000; 421
2023-06-23 19:51:20; hka-aqm-a108;  30.24;  29.72;   434;  1193;   122;    18;     3;    13;  -130;  -130; -11.8; drag-lps8-08; 4; 9; 125000; 422
2023-06-23 20:06:49; hka-aqm-a108;  30.32;  30.09;   438;  1620;   107;    17;     4;    13;  -126;  -126; -10.8; drag-lps8-02; 3; 9; 125000; 423
2023-06-23 20:22:21; hka-aqm-a108;  30.30;  30.50;   460;  1860;    88;    12;     4;    13;  -125;  -125;  -9.8; drag-lps8-02; 1; 9; 125000; 424
2023-06-23 20:37:50; hka-aqm-a108;  30.36;  30.83;   458;  2265;    69;    10;     4;    13;  -129;  -129;  -9.8; drag-lps8-02; 0; 9; 125000; 426
2023-06-23 20:52:56; hka-aqm-a108;  30.33;  31.24;   465;  2645;    47;     7;     1;     1;  -128;  -128; -10.8; drag-lps8-08; 5; 9; 125000; 427
2023-06-23 21:08:03; hka-aqm-a108;  30.34;  31.37;   472;  2982;    28;     4;     4;    13;  -124;  -124;  -8.8; drag-lps8-02; 6; 9; 125000; 428
2023-06-23 21:23:09; hka-aqm-a108;  30.30;  31.71;   480;  3080;    14;     2;     4;    13;  -126;  -126;  -8.5; drag-lps8-02; 4; 9; 125000; 429
2023-06-23 21:38:16; hka-aqm-a108;  30.26;  32.11;   490;  3220;     8;     1;     2;     0;  -125;  -125;  -8.2; drag-lps8-02; 2; 9; 125000; 430
2023-06-23 21:45:40; hka-aqm-a108;  30.24;  32.25;   486;  3319;     7;     1;     4;    13;  -130;  -130; -12.8; drag-lps8-02; 3; 9; 125000; 431
2023-06-23 22:00:46; hka-aqm-a108;  30.21;  32.52;   497;  3447;     6;     0;     2;     0;  -126;  -126; -11.5; drag-lps8-02; 5; 9; 125000; 432
2023-06-23 22:13:58; hka-aqm-a108;  30.18;  32.85;   495;  3534;     6;     0;     2;     1;  -128;  -128; -10.2; drag-lps8-02; 7; 9; 125000; 433
2023-06-23 22:19:21; hka-aqm-a108;  30.16;  32.85;   493;  3549;     6;     1;     1;     0;  -124;  -124;  -9.5; drag-lps8-02; 1; 9; 125000; 434
2023-06-23 22:34:27; hka-aqm-a108;  30.14;  33.15;   497;  3541;     6;     0;     2;     1;  -128;  -128;  -9.2; drag-lps8-02; 0; 9; 125000; 435
2023-06-23 22:35:18; hka-aqm-a108;  30.14;  33.12;   495;  3599;     9;     3;     2;     1;  -124;  -124;  -8.5; drag-lps8-02; 4; 9; 125000; 436
2023-06-23 22:50:25; hka-aqm-a108;  30.11;  33.39;   499;  3574;     6;     0;     2;     0;  -126;  -126;  -6.8; drag-lps8-02; 0; 9; 125000; 437
2023-06-23 23:05:31; hka-aqm-a108;  30.09;  33.72;   502;  3460;     6;     2;     2;     0;  -132;  -132; -13.8; drag-outd-01; 3; 9; 125000; 438
2023-06-23 23:05:54; hka-aqm-a108;  30.09;  33.66;   500;  3667;     6;     1;     2;     0;  -124;  -124;  -9.5; drag-lps8-02; 2; 9; 125000; 439
2023-06-23 23:21:01; hka-aqm-a108;  30.04;  33.89;   510;  3591;     6;     0;     2;     0;  -134;  -134; -13.5; drag-lps8-08; 7; 9; 125000; 440
2023-06-23 23:36:07; hka-aqm-a108;  30.00;  34.12;   505;  3551;     6;     2;     2;     0;  -131;  -131; -11.2; drag-lps8-08; 5; 9; 125000; 441
2023-06-23 23:45:00; hka-aqm-a108;  30.00;  34.19;   504;  3618;     6;     0;     2;     0;  -124;  -124; -10.2; drag-lps8-02; 1; 9; 125000; 442
