# Logfile LoRaWAN TTN/TTS V3 logger version hka-log V 1.1
date_time;device_id;tmp;hum;CO2;VOC;vis;IR;WIFI;BLE;rssi;channel_rssi;snr;gateway;channel_index;spreading_factor;bandwidth;f_cnt
2023-05-18 00:02:20; hka-aqm-a107;  22.92;  32.58;   479;   709;    10;     3;     3;     5;  -122;  -122;  -8.0; drag-lps8-07; 2; 8; 125000; 21499
2023-05-18 00:17:26; hka-aqm-a107;  22.91;  32.65;   487;   711;    10;     3;     3;     5;  -120;  -120;  -1.5; drag-outd-01; 4; 8; 125000; 21500
2023-05-18 00:32:34; hka-aqm-a107;  22.84;  32.75;   480;   682;    10;     3;     3;     5;  -123;  -123;  -8.2; drag-lps8-07; 7; 8; 125000; 21501
2023-05-18 00:47:41; hka-aqm-a107;  22.78;  32.92;   478;   661;    10;     3;     3;     5;  -121;  -121;  -8.0; drag-lps8-07; 6; 8; 125000; 21502
2023-05-18 01:02:47; hka-aqm-a107;  22.74;  32.99;   479;   669;     7;     1;     3;     5;  -115;  -115; nan; drag-outd-01; 2; 8; 125000; 21503
2023-05-18 01:17:55; hka-aqm-a107;  22.70;  33.12;   478;   631;     7;     1;     3;     5;  -120;  -120;  -7.8; drag-lps8-07; 1; 8; 125000; 21504
2023-05-18 01:33:01; hka-aqm-a107;  22.64;  33.12;   481;   629;     7;     1;     3;     5;  -124;  -124;  -9.2; drag-lps8-07; 3; 8; 125000; 21505
2023-05-18 01:48:07; hka-aqm-a107;  22.62;  33.19;   484;   607;     7;     1;     2;     0;  -130;  -130; -10.2; drag-lps8-08; 5; 8; 125000; 21506
2023-05-18 02:03:14; hka-aqm-a107;  22.57;  33.29;   480;   622;     7;     1;     3;     5;  -127;  -127;  -9.0; drag-lps8-08; 0; 8; 125000; 21507
2023-05-18 02:18:20; hka-aqm-a107;  22.54;  33.39;   483;   591;    10;     3;     3;     5;  -128;  -128;  -9.0; drag-outd-01; 7; 8; 125000; 21508
2023-05-18 02:33:26; hka-aqm-a107;  22.51;  33.39;   484;   594;     7;     1;     3;     5;  -122;  -122;  -3.0; drag-outd-01; 0; 8; 125000; 21509
2023-05-18 02:48:35; hka-aqm-a107;  22.46;  33.52;   480;   592;     7;     1;     3;     5;  -121;  -121;  -8.2; drag-lps8-07; 1; 8; 125000; 21510
2023-05-18 03:03:41; hka-aqm-a107;  22.42;  33.52;   480;   593;     7;     1;     3;     5;  -118;  -118;  -0.2; drag-outd-01; 3; 8; 125000; 21511
2023-05-18 03:18:48; hka-aqm-a107;  22.40;  33.59;   490;   569;    10;     3;     0;     0;  -119;  -119;  -0.8; drag-outd-01; 2; 8; 125000; 21512
2023-05-18 03:33:54; hka-aqm-a107;  22.34;  33.66;   483;   583;     7;     1;     3;     5;  -118;  -118;  -2.2; drag-outd-01; 4; 8; 125000; 21513
2023-05-18 03:49:01; hka-aqm-a107;  22.28;  33.72;   491;   575;     7;     1;     3;     5;  -128;  -128; -10.5; drag-lps8-08; 6; 8; 125000; 21514
2023-05-18 04:04:07; hka-aqm-a107;  22.27;  33.69;   483;   572;     7;     1;     3;     5;  -126;  -126;  -8.0; drag-outd-01; 5; 8; 125000; 21515
2023-05-18 04:19:15; hka-aqm-a107;  22.25;  33.72;   494;   573;     7;     1;     3;     5;  -122;  -122;  -8.5; drag-lps8-07; 6; 8; 125000; 21516
2023-05-18 04:34:21; hka-aqm-a107;  22.18;  33.72;   489;   574;     7;     1;     3;     5;  -126;  -126; -11.5; drag-lps8-02; 4; 8; 125000; 21517
2023-05-18 04:49:27; hka-aqm-a107;  22.16;  33.72;   485;   576;     7;     1;     1;     0;  -120;  -120;  -7.2; drag-lps8-07; 2; 8; 125000; 21518
2023-05-18 05:04:35; hka-aqm-a107;  22.10;  33.76;   484;   559;     8;     1;     3;     5;  -123;  -123;  -8.8; drag-lps8-07; 7; 8; 125000; 21519
2023-05-18 05:19:41; hka-aqm-a107;  22.08;  33.72;   482;   555;    13;     2;     3;     5;  -119;  -119;   0.2; drag-outd-01; 3; 8; 125000; 21520
2023-05-18 05:34:47; hka-aqm-a107;  22.05;  33.76;   482;   548;    23;     6;     3;     0;  -130;  -130; -10.0; drag-lps8-08; 5; 8; 125000; 21521
2023-05-18 05:49:54; hka-aqm-a107;  22.03;  33.72;   480;   580;    66;    20;     3;     5;  -117;  -117;  -2.8; drag-outd-01; 1; 8; 125000; 21522
2023-05-18 06:05:01; hka-aqm-a107;  22.03;  33.72;   495;   558;   119;    36;     3;     5;  -129;  -129;  -8.8; drag-lps8-08; 0; 8; 125000; 21523
2023-05-18 06:20:07; hka-aqm-a107;  22.06;  33.72;   476;   541;   346;    98;     2;     0;  -118;  -118;  -1.2; drag-outd-01; 4; 8; 125000; 21524
2023-05-18 06:31:35; hka-aqm-a107;  22.18;  33.59;   487;   544;   660;   198;     3;     5;  -123;  -123;  -9.0; drag-lps8-07; 6; 8; 125000; 21525
2023-05-18 06:46:41; hka-aqm-a107;  22.34;  33.39;   490;   547;  1267;   380;     3;     0;  -123;  -123;  -3.2; drag-outd-01; 0; 8; 125000; 21526
2023-05-18 06:51:53; hka-aqm-a107;  22.39;  33.25;   484;   549;  1787;   594;     3;     0;  -122;  -122;  -8.5; drag-lps8-07; 1; 8; 125000; 21527
2023-05-18 06:52:32; hka-aqm-a107;  22.44;  33.25;   488;   578;  2031;   728;     1;     0;  -119;  -119;  -1.2; drag-outd-01; 2; 8; 125000; 21528
2023-05-18 06:52:55; hka-aqm-a107;  22.45;  33.25;   487;   564;  2406;   914;     1;     0;  -124;  -124;  -9.0; drag-lps8-07; 7; 8; 125000; 21529
2023-05-18 06:53:14; hka-aqm-a107;  22.42;  33.25;   485;   550;  2567;   988;     1;     0;  -128;  -128; -10.0; drag-lps8-08; 5; 8; 125000; 21530
2023-05-18 06:53:34; hka-aqm-a107;  22.40;  33.22;   485;   547;  2692;  1041;     1;     0;  -116;  -116; nan; drag-outd-01; 3; 8; 125000; 21531
2023-05-18 06:53:53; hka-aqm-a107;  22.43;  33.12;   485;   545;  2825;  1097;     1;     0;  -118;  -118;  -5.5; drag-lps8-07; 7; 8; 125000; 21532
2023-05-18 06:54:32; hka-aqm-a107;  22.44;  33.19;   489;   536;  2969;  1160;     1;     0;  -119;  -119;  -0.2; drag-outd-01; 3; 8; 125000; 21533
2023-05-18 06:54:53; hka-aqm-a107;  22.42;  33.15;   488;   543;  3140;  1224;     0;     0;  -118;  -118;  -4.5; drag-lps8-07; 4; 8; 125000; 21534
2023-05-18 06:55:13; hka-aqm-a107;  22.40;  33.12;   487;   545;  3229;  1251;     1;     0;  -118;  -118;  -1.2; drag-outd-01; 2; 8; 125000; 21535
2023-05-18 06:55:54; hka-aqm-a107;  22.47;  33.15;   486;   540;  3332;  1268;     1;     0;  -119;  -119;  -5.0; drag-lps8-07; 0; 8; 125000; 21536
2023-05-18 06:56:53; hka-aqm-a107;  22.49;  33.12;   489;   544;  3044;  1138;     1;     0;  -119;  -119;  -5.2; drag-lps8-07; 6; 8; 125000; 21537
2023-05-18 06:57:15; hka-aqm-a107;  22.46;  33.12;   488;   539;  3293;  1236;     1;     0;  -119;  -119;  -6.2; drag-lps8-07; 1; 8; 125000; 21538
2023-05-18 06:57:34; hka-aqm-a107;  22.50;  33.12;   487;   546;  3616;  1369;     1;     0;  -118;  -118;  -5.5; drag-lps8-07; 5; 8; 125000; 21539
2023-05-18 06:58:14; hka-aqm-a107;  22.54;  33.05;   490;   544;  3926;  1486;     1;     0;  -117;  -117;  -5.2; drag-lps8-07; 6; 8; 125000; 21540
2023-05-18 06:58:33; hka-aqm-a107;  22.52;  33.05;   488;   548;  4040;  1526;     1;     0;  -118;  -118;  -0.5; drag-outd-01; 3; 8; 125000; 21541
2023-05-18 06:58:54; hka-aqm-a107;  22.56;  33.05;   487;   548;  4123;  1555;     1;     0;  -127;  -127;  -8.2; drag-lps8-08; 0; 8; 125000; 21542
2023-05-18 07:00:33; hka-aqm-a107;  22.64;  33.02;   485;   557;  4307;  1601;     1;     0;  -118;  -118;  -4.5; drag-lps8-07; 4; 8; 125000; 21543
2023-05-18 07:05:34; hka-aqm-a107;  22.91;  32.65;   483;   561;  4295;  1494;     1;     0;  -119;  -119;  -1.2; drag-outd-01; 2; 8; 125000; 21544
2023-05-18 07:05:54; hka-aqm-a107;  22.93;  32.58;   484;   569;  3773;  1292;     1;     0;  -119;  -119;  -6.2; drag-lps8-07; 1; 8; 125000; 21545
2023-05-18 07:06:52; hka-aqm-a107;  22.87;  32.45;   487;   553;  4165;  1438;     1;     0;  -132;  -132; -10.5; drag-outd-01; 7; 8; 125000; 21546
2023-05-18 07:07:12; hka-aqm-a107;  22.90;  32.52;   485;   557;  4320;  1494;     0;     0;  -130;  -130; -10.5; drag-lps8-08; 5; 8; 125000; 21547
2023-05-18 07:07:52; hka-aqm-a107;  22.88;  32.45;   483;   554;  4196;  1436;     0;     0;  -116;  -116;  -5.0; drag-lps8-07; 2; 8; 125000; 21548
2023-05-18 07:08:14; hka-aqm-a107;  22.89;  32.45;   483;   570;  4680;  1607;     1;     0;  -122;  -122;  -2.5; drag-outd-01; 4; 8; 125000; 21549
2023-05-18 07:08:53; hka-aqm-a107;  22.97;  32.38;   483;   562;  4811;  1644;     1;     0;  -118;  -118;  -5.2; drag-lps8-07; 7; 8; 125000; 21550
2023-05-18 07:09:13; hka-aqm-a107;  22.97;  32.35;   483;   553;  4882;  1663;     1;     0;  -119;  -119;  -5.2; drag-lps8-07; 5; 8; 125000; 21551
2023-05-18 07:09:55; hka-aqm-a107;  23.00;  32.31;   483;   552;  4529;  1522;     1;     0;  -126;  -126; -10.5; drag-lps8-08; 1; 8; 125000; 21552
2023-05-18 07:10:52; hka-aqm-a107;  23.04;  32.25;   487;   531;  5144;  1737;     1;     0;  -118;  -118;  -5.2; drag-lps8-07; 6; 8; 125000; 21553
2023-05-18 07:11:12; hka-aqm-a107;  23.07;  32.31;   485;   539;  5266;  1775;     1;     0;  -119;  -119;  -5.0; drag-lps8-07; 3; 8; 125000; 21554
2023-05-18 07:11:53; hka-aqm-a107;  23.08;  32.25;   483;   555;  5434;  1825;     0;     0;  -127;  -127;  -9.2; drag-lps8-08; 0; 8; 125000; 21555
2023-05-18 07:12:13; hka-aqm-a107;  23.06;  32.25;   483;   550;  5548;  1860;     0;     0;  -117;  -117;  -6.2; drag-lps8-07; 2; 8; 125000; 21556
2023-05-18 07:12:33; hka-aqm-a107;  23.01;  32.18;   483;   554;  5618;  1882;     0;     0;  -119;  -119;  -5.8; drag-lps8-07; 3; 8; 125000; 21557
2023-05-18 07:12:53; hka-aqm-a107;  23.06;  32.21;   483;   528;  5712;  1911;     0;     0;  -118;  -118;  -6.2; drag-lps8-07; 1; 8; 125000; 21558
2023-05-18 07:13:34; hka-aqm-a107;  23.07;  32.25;   487;   534;  5971;  1992;     0;     0;  -118;  -118;  -4.8; drag-lps8-07; 4; 8; 125000; 21559
2023-05-18 07:13:53; hka-aqm-a107;  23.06;  32.18;   485;   577;  6093;  2030;     0;     0;  -120;  -120;  -5.0; drag-lps8-07; 0; 8; 125000; 21560
2023-05-18 07:14:14; hka-aqm-a107;  23.10;  32.18;   484;   565;  6227;  2072;     1;     0;  -118;  -118;  -5.5; drag-lps8-07; 5; 8; 125000; 21561
2023-05-18 07:14:33; hka-aqm-a107;  23.11;  32.11;   483;   560;  6334;  2104;     1;     0;  -130;  -130; -10.5; drag-lps8-08; 7; 8; 125000; 21562
2023-05-18 07:14:53; hka-aqm-a107;  23.15;  32.11;   482;   560;  6431;  2132;     1;     0;  -119;  -119;  -5.8; drag-lps8-07; 6; 8; 125000; 21563
2023-05-18 07:15:14; hka-aqm-a107;  23.16;  32.11;   481;   562;  6508;  2153;     1;     0;  -118;  -118;  -5.5; drag-lps8-07; 1; 8; 125000; 21564
2023-05-18 07:17:33; hka-aqm-a107;  23.26;  31.98;   480;   565;  6616;  2169;     2;     0;  -119;  -119;  -1.0; drag-outd-01; 3; 8; 125000; 21565
2023-05-18 07:18:13; hka-aqm-a107;  23.31;  31.95;   484;   557;  6859;  2240;     0;     0;  -118;  -118;  -5.5; drag-lps8-07; 5; 8; 125000; 21566
2023-05-18 07:18:35; hka-aqm-a107;  23.31;  31.98;   482;   561;  6971;  2273;     0;     0;  -130;  -130;  -9.8; drag-lps8-08; 7; 8; 125000; 21567
2023-05-18 07:21:54; hka-aqm-a107;  23.33;  31.81;   482;   551;  6943;  2221;     1;     0;  -127;  -127; -11.0; drag-lps8-08; 6; 8; 125000; 21568
2023-05-18 07:22:35; hka-aqm-a107;  23.38;  31.84;   482;   551;  6853;  2181;     1;     0;  -122;  -122;  -3.0; drag-outd-01; 4; 8; 125000; 21569
2023-05-18 07:22:54; hka-aqm-a107;  23.34;  31.84;   482;   559;  6776;  2151;     1;     0;  -120;  -120;  -5.2; drag-lps8-07; 0; 8; 125000; 21570
2023-05-18 07:23:52; hka-aqm-a107;  23.42;  31.81;   490;   549;  6661;  2092;     1;     0;  -115;  -115;   0.8; drag-outd-01; 2; 8; 125000; 21571
2023-05-18 07:24:32; hka-aqm-a107;  23.41;  31.81;   491;   546;  6540;  2032;     1;     0;  -120;  -120;  -5.0; drag-lps8-07; 0; 8; 125000; 21572
2023-05-18 07:24:53; hka-aqm-a107;  23.38;  31.78;   488;   550;  6315;  1935;     2;     0;  -117;  -117;  -5.2; drag-lps8-07; 3; 8; 125000; 21573
2023-05-18 07:25:13; hka-aqm-a107;  23.44;  31.74;   486;   550;  6199;  1886;     2;     0;  -128;  -128; -10.8; drag-lps8-08; 2; 8; 125000; 21574
2023-05-18 07:25:34; hka-aqm-a107;  23.45;  31.71;   485;   546;  6048;  1825;     2;     0;  -127;  -127; -10.0; drag-lps8-08; 1; 8; 125000; 21575
2023-05-18 07:25:54; hka-aqm-a107;  23.47;  31.71;   483;   566;  5926;  1775;     2;     0;  -118;  -118;  -5.5; drag-lps8-07; 5; 8; 125000; 21576
2023-05-18 07:26:13; hka-aqm-a107;  23.45;  31.71;   482;   562;  5832;  1736;     1;     0;  -118;  -118;  -4.0; drag-lps8-07; 4; 8; 125000; 21577
2023-05-18 07:26:34; hka-aqm-a107;  23.48;  31.68;   481;   553;  5774;  1706;     1;     0;  -130;  -130; -11.2; drag-lps8-08; 7; 8; 125000; 21578
2023-05-18 07:26:54; hka-aqm-a107;  23.49;  31.64;   480;   558;  5712;  1678;     1;     0;  -116;  -116;  -5.0; drag-lps8-07; 6; 8; 125000; 21579
2023-05-18 07:28:32; hka-aqm-a107;  23.50;  31.58;   486;   561;  5722;  1667;     1;     0;  -125;  -125;  -4.8; drag-outd-01; 0; 8; 125000; 21580
2023-05-18 07:29:33; hka-aqm-a107;  23.56;  31.71;   486;   552;  5842;  1701;     0;     0;  -120;  -120;  -1.8; drag-outd-01; 1; 8; 125000; 21581
2023-05-18 07:29:54; hka-aqm-a107;  23.58;  31.68;   484;   554;  5925;  1730;     0;     0;  -117;  -117;  -0.2; drag-outd-01; 3; 8; 125000; 21582
2023-05-18 07:30:13; hka-aqm-a107;  23.59;  31.68;   482;   562;  6015;  1760;     0;     0;  -118;  -118;  -4.5; drag-lps8-07; 4; 8; 125000; 21583
2023-05-18 07:30:34; hka-aqm-a107;  23.56;  31.68;   481;   551;  6125;  1798;     1;     0;  -117;  -117;  -4.8; drag-lps8-07; 6; 8; 125000; 21584
2023-05-18 07:30:54; hka-aqm-a107;  23.57;  31.64;   479;   543;  6214;  1830;     1;     0;  -119;  -119;  -6.0; drag-lps8-07; 7; 8; 125000; 21585
2023-05-18 07:31:33; hka-aqm-a107;  23.58;  31.64;   483;   548;  6283;  1855;     1;     0;  -126;  -126;  -7.5; drag-outd-01; 5; 8; 125000; 21586
2023-05-18 07:34:14; hka-aqm-a107;  23.58;  31.78;   480;   525;  6544;  1932;     2;     0;  -117;  -117;  -6.2; drag-lps8-07; 2; 8; 125000; 21587
2023-05-18 07:34:34; hka-aqm-a107;  23.56;  31.74;   479;   537;  6613;  1955;     0;     0;  -119;  -119;  -5.0; drag-lps8-07; 7; 8; 125000; 21588
2023-05-18 07:34:53; hka-aqm-a107;  23.57;  31.71;   479;   546;  6670;  1974;     0;     0;  -122;  -122;  -5.5; drag-outd-01; 5; 8; 125000; 21589
2023-05-18 07:38:54; hka-aqm-a107;  23.60;  31.64;   483;   563;  7126;  2148;     2;     1;  -119;  -119;  -6.0; drag-lps8-07; 1; 8; 125000; 21590
2023-05-18 07:39:33; hka-aqm-a107;  23.66;  31.64;   486;   555;  7341;  2230;     1;     0;  -118;  -118;  -6.0; drag-lps8-07; 6; 8; 125000; 21591
2023-05-18 07:39:53; hka-aqm-a107;  23.65;  31.71;   483;   559;  7440;  2270;     1;     0;  -123;  -123;  -4.8; drag-outd-01; 0; 8; 125000; 21592
2023-05-18 07:40:53; hka-aqm-a107;  23.70;  31.64;   478;   547;  7391;  2235;     0;     0;  -121;  -121;  -3.8; drag-outd-01; 4; 8; 125000; 21593
2023-05-18 07:41:34; hka-aqm-a107;  23.67;  31.64;   481;   544;  7009;  2080;     1;     0;  -119;  -119;  -5.2; drag-lps8-07; 3; 8; 125000; 21594
2023-05-18 07:41:54; hka-aqm-a107;  23.71;  31.61;   479;   542;  6699;  1959;     1;     0;  -125;  -125; -10.0; drag-lps8-08; 2; 8; 125000; 21595
2023-05-18 07:42:14; hka-aqm-a107;  23.67;  31.54;   478;   550;  6351;  1831;     1;     0;  -120;  -120;  -5.5; drag-lps8-07; 7; 8; 125000; 21596
2023-05-18 07:42:52; hka-aqm-a107;  23.69;  31.58;   481;   546;  6013;  1705;     1;     0;  -118;  -118;  -5.2; drag-lps8-07; 6; 8; 125000; 21597
2023-05-18 07:43:14; hka-aqm-a107;  23.73;  31.64;   479;   552;  5494;  1515;     1;     0;  -130;  -130; -10.2; drag-lps8-08; 0; 8; 125000; 21598
2023-05-18 07:43:34; hka-aqm-a107;  23.74;  31.58;   478;   560;  5310;  1446;     1;     0;  -128;  -128; -10.8; drag-lps8-08; 2; 8; 125000; 21599
2023-05-18 07:43:53; hka-aqm-a107;  23.71;  31.58;   477;   550;  5206;  1409;     1;     0;  -118;  -118;  -5.5; drag-lps8-07; 5; 8; 125000; 21600
2023-05-18 07:44:13; hka-aqm-a107;  23.71;  31.58;   477;   553;  5149;  1388;     1;     0;  -122;  -122;  -4.2; drag-outd-01; 4; 8; 125000; 21601
2023-05-18 07:44:52; hka-aqm-a107;  23.74;  31.51;   481;   550;  5085;  1367;     2;     0;  -120;  -120;  -1.8; drag-outd-01; 1; 8; 125000; 21602
2023-05-18 07:59:58; hka-aqm-a107;  23.91;  31.54;   472;   538;  4278;  1088;     2;     0;  -120;  -120;  -3.0; drag-outd-01; 3; 8; 125000; 21603
2023-05-18 08:02:12; hka-aqm-a107;  23.90;  31.51;   480;   567;  4144;  1049;     2;     0;  -129;  -129; -10.2; drag-outd-01; 7; 8; 125000; 21604
2023-05-18 08:02:33; hka-aqm-a107;  23.92;  31.51;   478;   572;  4093;  1033;     0;     0;  -118;  -118;  -5.2; drag-lps8-07; 5; 8; 125000; 21605
2023-05-18 08:10:33; hka-aqm-a107;  24.02;  31.44;   480;   559;  3553;   876;     2;     0;  -119;  -119;  -5.0; drag-lps8-07; 4; 8; 125000; 21606
2023-05-18 08:12:54; hka-aqm-a107;  24.09;  31.51;   476;   572;  3377;   827;     3;     0;  -120;  -120;  -1.5; drag-outd-01; 0; 8; 125000; 21607
2023-05-18 08:18:14; hka-aqm-a107;  24.20;  31.44;   471;   557;  2960;   711;     2;     0;  -123;  -123;  -3.8; drag-outd-01; 6; 8; 125000; 21608
2023-05-18 08:33:21; hka-aqm-a107;  24.28;  31.31;   465;   571;  2089;   473;     2;     0;  -117;  -117;  -5.0; drag-lps8-07; 3; 8; 125000; 21609
2023-05-18 08:48:27; hka-aqm-a107;  24.54;  31.04;   456;   566;  1687;   371;     1;     0;  -120;  -120;  -6.8; drag-lps8-07; 1; 8; 125000; 21610
2023-05-18 09:03:34; hka-aqm-a107;  24.69;  30.70;   452;   548;  1453;   313;     3;     0;  -125;  -125;  -6.0; drag-outd-01; 2; 8; 125000; 21611
2023-05-18 09:18:40; hka-aqm-a107;  24.88;  30.43;   454;   553;  1323;   280;     3;     0;  -126;  -126;  -6.0; drag-outd-01; 3; 8; 125000; 21612
2023-05-18 09:33:46; hka-aqm-a107;  25.00;  30.29;   444;   574;  1212;   254;     2;     0;  -124;  -124;  -8.8; drag-lps8-02; 5; 8; 125000; 21613
2023-05-18 09:48:54; hka-aqm-a107;  25.18;  30.06;   439;   588;  1147;   241;     3;     0;  -120;  -120;  -5.5; drag-lps8-07; 0; 8; 125000; 21614
2023-05-18 10:04:00; hka-aqm-a107;  25.26;  30.06;   443;   544;  1072;   226;     3;     0;  -118;  -118;  -1.5; drag-outd-01; 4; 8; 125000; 21615
2023-05-18 10:19:06; hka-aqm-a107;  25.36;  30.13;   457;   564;   977;   209;     2;     0;  -126;  -126; -10.5; drag-lps8-08; 2; 8; 125000; 21616
2023-05-18 10:34:13; hka-aqm-a107;  25.56;  30.06;   435;   600;   874;   187;     3;     0;  -118;  -118;  -5.5; drag-lps8-07; 6; 8; 125000; 21617
2023-05-18 10:49:20; hka-aqm-a107;  25.58;  29.96;   436;   582;   799;   173;     3;     0;  -130;  -130; -10.0; drag-outd-01; 7; 8; 125000; 21618
2023-05-18 11:04:26; hka-aqm-a107;  25.71;  29.89;   433;   568;   735;   162;     2;     0;  -116;  -116;  -0.5; drag-outd-01; 1; 8; 125000; 21619
2023-05-18 11:19:34; hka-aqm-a107;  25.70;  29.82;   431;   586;   672;   151;     3;     0;  -129;  -129; -11.2; drag-lps8-08; 0; 8; 125000; 21620
2023-05-18 11:34:40; hka-aqm-a107;  25.73;  29.99;   434;   588;   628;   144;     3;     0;  -120;  -120;  -6.5; drag-lps8-07; 5; 8; 125000; 21621
2023-05-18 11:49:46; hka-aqm-a107;  25.73;  29.96;   433;   585;   598;   142;     1;     0;  -119;  -119;  -5.0; drag-lps8-07; 7; 8; 125000; 21622
2023-05-18 12:04:54; hka-aqm-a107;  25.71;  29.89;   429;   561;   626;   158;     3;     0;  -118;  -118;  -5.8; drag-lps8-07; 6; 8; 125000; 21623
2023-05-18 12:19:53; hka-aqm-a107;  25.69;  29.35;   420;   525;   631;   152;     3;     0;  -122;  -122;  -3.5; drag-outd-01; 4; 8; 125000; 21624
2023-05-18 12:21:14; hka-aqm-a107;  25.72;  29.14;   425;   505;   679;   176;     2;     0;  -119;  -119;  -2.2; drag-outd-01; 1; 8; 125000; 21625
2023-05-18 12:31:53; hka-aqm-a107;  25.65;  29.35;   426;   509;   501;   106;     2;     0;  -119;  -119;  -6.0; drag-lps8-07; 2; 8; 125000; 21626
2023-05-18 12:33:14; hka-aqm-a107;  25.62;  29.28;   423;   526;   639;   167;     2;     0;  -120;  -120;  -1.2; drag-outd-01; 3; 8; 125000; 21627
2023-05-18 12:45:13; hka-aqm-a107;  25.51;  28.53;   421;   487;   625;   156;     2;     0;  -122;  -122;  -4.0; drag-outd-01; 2; 8; 125000; 21628
2023-05-18 12:45:53; hka-aqm-a107;  25.51;  28.67;   418;   501;   696;   192;     1;     0;  -118;  -118;  -5.8; drag-lps8-07; 3; 8; 125000; 21629
2023-05-18 12:46:53; hka-aqm-a107;  25.50;  28.57;   421;   508;   617;   156;     1;     0;  -117;  -117;  -4.8; drag-lps8-07; 6; 8; 125000; 21630
2023-05-18 12:47:13; hka-aqm-a107;  25.49;  28.47;   419;   496;   561;   131;     1;     0;  -126;  -126;  -6.8; drag-outd-01; 0; 8; 125000; 21631
2023-05-18 12:48:33; hka-aqm-a107;  25.52;  28.53;   417;   480;   666;   186;     1;     0;  -128;  -128;  -9.5; drag-outd-01; 7; 8; 125000; 21632
2023-05-18 12:53:12; hka-aqm-a107;  25.51;  29.14;   420;   495;   591;   149;     2;     0;  -118;  -118;  -4.5; drag-lps8-07; 5; 8; 125000; 21634
2023-05-18 12:53:52; hka-aqm-a107;  25.48;  28.94;   418;   510;   636;   171;     2;     0;  -123;  -123;  -3.8; drag-outd-01; 4; 8; 125000; 21635
2023-05-18 12:56:13; hka-aqm-a107;  25.48;  28.87;   421;   511;   618;   165;     2;     0;  -126;  -126;  -7.5; drag-outd-01; 6; 8; 125000; 21636
2023-05-18 12:57:53; hka-aqm-a107;  25.49;  29.14;   415;   511;   634;   171;     1;     0;  -119;  -119;  -2.0; drag-outd-01; 0; 8; 125000; 21637
2023-05-18 13:07:53; hka-aqm-a107;  25.40;  29.52;   419;   555;   490;   112;     2;     0;  -118;  -118;  -0.8; drag-outd-01; 2; 8; 125000; 21638
2023-05-18 13:10:32; hka-aqm-a107;  25.41;  28.94;   423;   544;   448;   100;     1;     0;  -120;  -120;  -1.2; drag-outd-01; 3; 8; 125000; 21639
2023-05-18 13:14:12; hka-aqm-a107;  25.41;  28.74;   419;   534;   514;   133;     2;     0;  -116;  -116;  -4.2; drag-lps8-07; 4; 8; 125000; 21640
2023-05-18 13:16:33; hka-aqm-a107;  25.38;  28.87;   416;   556;   467;   106;     1;     0;  -118;  -118;  -4.5; drag-lps8-07; 7; 8; 125000; 21641
2023-05-18 13:17:32; hka-aqm-a107;  25.38;  29.08;   418;   540;   520;   132;     1;     0;  -123;  -123;  -8.8; drag-lps8-02; 5; 8; 125000; 21642
2023-05-18 13:24:33; hka-aqm-a107;  25.36;  29.08;   425;   570;   468;   108;     2;     0;  -119;  -119;  -2.2; drag-outd-01; 1; 8; 125000; 21643
2023-05-18 13:25:14; hka-aqm-a107;  25.37;  29.35;   420;   579;   493;   123;     2;     0;  -128;  -128;  -9.0; drag-outd-01; 6; 8; 125000; 21644
2023-05-18 13:25:52; hka-aqm-a107;  25.35;  29.25;   422;   581;   552;   152;     1;     0;  -120;  -120;  -1.5; drag-outd-01; 1; 8; 125000; 21645
2023-05-18 13:27:53; hka-aqm-a107;  25.33;  28.87;   416;   576;   458;   103;     2;     0;  -117;  -117;   0.8; drag-outd-01; 4; 8; 125000; 21646
2023-05-18 13:28:34; hka-aqm-a107;  25.35;  28.74;   414;   552;   566;   156;     1;     0;  -122;  -122;  -2.5; drag-outd-01; 3; 8; 125000; 21648
2023-05-18 13:31:53; hka-aqm-a107;  25.32;  29.08;   420;   540;   414;    89;     1;     0;  -123;  -123;  -9.2; drag-lps8-02; 0; 8; 125000; 21649
2023-05-18 13:34:52; hka-aqm-a107;  25.28;  28.81;   419;   550;   527;   144;     2;     0;  -122;  -122;  -3.8; drag-outd-01; 5; 8; 125000; 21650
2023-05-18 13:49:58; hka-aqm-a107;  25.15;  28.60;   418;   502;   557;   154;     2;     0;  -118;  -118;  -2.2; drag-outd-01; 2; 8; 125000; 21651
2023-05-18 13:53:14; hka-aqm-a107;  25.11;  28.67;   417;   493;   419;    93;     2;     0;  -118;  -118;  -5.0; drag-lps8-07; 1; 8; 125000; 21652
2023-05-18 13:54:13; hka-aqm-a107;  25.13;  28.60;   414;   507;   474;   121;     1;     0;  -118;  -118;   0.2; drag-outd-01; 7; 8; 125000; 21653
2023-05-18 13:55:53; hka-aqm-a107;  25.10;  28.47;   415;   499;   492;   134;     1;     0;  -120;  -120;  -1.8; drag-outd-01; 4; 8; 125000; 21654
2023-05-18 14:01:53; hka-aqm-a107;  25.10;  28.74;   414;   512;   403;    88;     2;     0;  -120;  -120;  -7.8; drag-outd-01; 5; 8; 125000; 21655
2023-05-18 14:02:53; hka-aqm-a107;  25.11;  28.87;   414;   510;   482;   125;     1;     0;  -122;  -122;  -2.5; drag-outd-01; 0; 8; 125000; 21656
2023-05-18 14:10:53; hka-aqm-a107;  25.04;  28.47;   413;   537;   412;    97;     2;     0;  -116;  -116;  -4.2; drag-lps8-07; 3; 8; 125000; 21657
2023-05-18 14:11:13; hka-aqm-a107;  25.06;  28.47;   413;   531;   494;   137;     2;     0;  -120;  -120;  -3.0; drag-outd-01; 6; 8; 125000; 21658
2023-05-18 14:12:13; hka-aqm-a107;  25.01;  28.47;   413;   528;   425;   103;     2;     0;  -118;  -118;  -2.0; drag-outd-01; 2; 8; 125000; 21659
2023-05-18 14:12:34; hka-aqm-a107;  25.00;  28.47;   413;   523;   355;    74;     2;     0;  -118;  -118;  -5.5; drag-lps8-07; 1; 8; 125000; 21660
2023-05-18 14:13:34; hka-aqm-a107;  25.01;  28.57;   416;   516;   426;   103;     2;     0;  -121;  -121;  -2.8; drag-outd-01; 2; 8; 125000; 21661
2023-05-18 14:14:32; hka-aqm-a107;  25.02;  29.01;   422;   516;   505;   141;     1;     0;  -127;  -127; -10.0; drag-outd-01; 5; 8; 125000; 21662
2023-05-18 14:20:53; hka-aqm-a107;  25.09;  28.33;   415;   525;   436;   113;     2;     0;  -120;  -120;  -1.2; drag-outd-01; 3; 8; 125000; 21663
2023-05-18 14:35:59; hka-aqm-a107;  24.96;  28.26;   412;   524;   475;   131;     3;     0;  -118;  -118;   0.8; drag-outd-01; 4; 8; 125000; 21664
2023-05-18 14:44:53; hka-aqm-a107;  24.93;  28.19;   415;   514;   325;    65;     3;     0;  -125;  -125;  -5.8; drag-outd-01; 0; 8; 125000; 21665
2023-05-18 14:46:54; hka-aqm-a107;  24.94;  28.13;   411;   545;   503;   141;     3;     0;  -124;  -124;  -4.5; drag-outd-01; 7; 8; 125000; 21666
2023-05-18 14:48:12; hka-aqm-a107;  24.91;  28.19;   415;   540;   401;    95;     2;     0;  -116;  -116;  -4.2; drag-lps8-07; 6; 8; 125000; 21667
2023-05-18 14:48:53; hka-aqm-a107;  25.01;  28.33;   417;   533;   500;   140;     2;     0;  -119;  -119;  -6.0; drag-lps8-07; 2; 8; 125000; 21668
2023-05-18 15:03:59; hka-aqm-a107;  24.94;  28.33;   421;   555;   483;   133;     2;     0;  -117;  -117;  -5.0; drag-lps8-07; 5; 8; 125000; 21669
2023-05-18 15:07:14; hka-aqm-a107;  24.85;  28.40;   412;   569;   383;    90;     2;     0;  -118;  -118;  -3.8; drag-lps8-07; 4; 8; 125000; 21670
2023-05-18 15:07:53; hka-aqm-a107;  24.80;  28.40;   415;   563;   487;   136;     1;     0;  -119;  -119;  -5.0; drag-lps8-07; 0; 8; 125000; 21671
2023-05-18 15:22:59; hka-aqm-a107;  24.87;  28.87;   412;   624;   472;   130;     2;     0;  -121;  -121;  -2.8; drag-outd-01; 1; 8; 125000; 21672
2023-05-18 15:23:32; hka-aqm-a107;  24.86;  28.81;   414;   691;   409;    99;     2;     0;  -119;  -119;  -5.2; drag-lps8-07; 3; 8; 125000; 21673
2023-05-18 15:23:53; hka-aqm-a107;  24.89;  28.87;   413;   677;   512;   145;     1;     0;  -118;  -118;  -4.5; drag-lps8-07; 7; 8; 125000; 21674
2023-05-18 15:24:13; hka-aqm-a107;  24.84;  28.81;   412;   636;   430;   111;     1;     0;  -128;  -128;  -8.0; drag-outd-01; 6; 8; 125000; 21675
2023-05-18 15:33:53; hka-aqm-a107;  24.84;  28.19;   414;   586;   362;    77;     2;     0;  -126;  -126;  -6.5; drag-outd-01; 7; 8; 125000; 21676
2023-05-18 15:34:13; hka-aqm-a107;  24.83;  28.19;   413;   581;   419;    99;     0;     0;  -124;  -124;  -6.5; drag-outd-01; 4; 8; 125000; 21677
2023-05-18 15:34:33; hka-aqm-a107;  24.85;  28.13;   412;   577;   563;   163;     0;     0;  -118;  -118;  -6.5; drag-lps8-07; 1; 8; 125000; 21678
2023-05-18 15:44:14; hka-aqm-a107;  24.80;  27.82;   408;   573;   360;    81;     2;     0;  -119;  -119;   0.2; drag-outd-01; 3; 8; 125000; 21679
2023-05-18 15:44:32; hka-aqm-a107;  24.76;  27.68;   408;   588;   523;   151;     1;     0;  -122;  -122;  -3.8; drag-outd-01; 0; 8; 125000; 21680
2023-05-18 15:45:32; hka-aqm-a107;  24.81;  27.92;   409;   556;   398;    98;     1;     0;  -120;  -120;  -1.5; drag-outd-01; 2; 8; 125000; 21681
2023-05-18 15:48:51; hka-aqm-a107;  24.78;  27.96;   411;   571;   458;   120;     1;     0;  -117;  -117;  -3.8; drag-lps8-07; 6; 8; 125000; 21682
2023-05-18 15:49:11; hka-aqm-a107;  24.81;  27.92;   410;   573;   553;   161;     0;     0;  -126;  -126;  -8.5; drag-lps8-02; 5; 8; 125000; 21683
2023-05-18 15:49:53; hka-aqm-a107;  24.80;  27.92;   410;   578;   457;   120;     0;     0;  -119;  -119;  -4.8; drag-lps8-07; 7; 8; 125000; 21684
2023-05-18 15:50:32; hka-aqm-a107;  24.78;  28.13;   414;   578;   365;    81;     1;     0;  -125;  -125;  -6.8; drag-outd-01; 5; 8; 125000; 21685
2023-05-18 15:51:12; hka-aqm-a107;  24.74;  27.92;   411;   578;   457;   119;     1;     0;  -119;  -119;  -5.2; drag-lps8-07; 3; 8; 125000; 21686
2023-05-18 15:53:31; hka-aqm-a107;  24.79;  28.06;   413;   581;   559;   164;     2;     0;  -124;  -124;  -4.8; drag-outd-01; 0; 8; 125000; 21687
2023-05-18 15:55:33; hka-aqm-a107;  24.77;  28.40;   410;   603;   360;    78;     1;     0;  -118;  -118;  -0.5; drag-outd-01; 2; 8; 125000; 21688
2023-05-18 15:57:51; hka-aqm-a107;  24.76;  28.67;   412;   646;   577;   168;     1;     0;  -119;  -119;  -6.2; drag-lps8-07; 4; 8; 125000; 21689
2023-05-18 15:59:34; hka-aqm-a107;  24.77;  28.02;   411;   635;   457;   120;     1;     0;  -118;  -118;  -4.5; drag-lps8-07; 6; 8; 125000; 21690
2023-05-18 15:59:53; hka-aqm-a107;  24.78;  27.99;   411;   618;   545;   158;     1;     0;  -118;  -118;  -1.0; drag-outd-01; 1; 8; 125000; 21691
2023-05-18 16:00:14; hka-aqm-a107;  24.79;  27.92;   411;   562;   366;    84;     1;     0;  -118;  -118;  -5.0; drag-lps8-07; 2; 8; 125000; 21692
2023-05-18 16:05:31; hka-aqm-a107;  24.74;  27.72;   415;   561;   427;   106;     2;     0;  -118;  -118;  -4.5; drag-lps8-07; 3; 8; 125000; 21693
2023-05-18 16:05:53; hka-aqm-a107;  24.72;  27.99;   413;   524;   524;   149;     1;     0;  -130;  -130;  -9.5; drag-outd-01; 7; 8; 125000; 21694
2023-05-18 16:20:59; hka-aqm-a107;  24.66;  27.65;   409;   565;   524;   148;     2;     0;  -115;  -115;  -0.2; drag-outd-01; 1; 8; 125000; 21695
2023-05-18 16:36:06; hka-aqm-a107;  24.67;  27.65;   417;   559;   538;   150;     0;     0;  -118;  -118;  -4.5; drag-lps8-07; 4; 8; 125000; 21696
2023-05-18 16:51:14; hka-aqm-a107;  24.68;  27.45;   415;   553;   542;   152;     2;     0;  -124;  -124;  -9.5; drag-lps8-02; 5; 8; 125000; 21697
2023-05-18 17:06:20; hka-aqm-a107;  24.60;  27.38;   408;   586;   545;   153;     2;     0;  -119;  -119;  -4.8; drag-lps8-07; 0; 8; 125000; 21698
2023-05-18 17:21:27; hka-aqm-a107;  24.53;  27.21;   412;   586;   521;   142;     0;     0;  -126;  -126;  -7.2; drag-outd-01; 6; 8; 125000; 21699
2023-05-18 17:36:33; hka-aqm-a107;  24.60;  27.58;   412;   721;   528;   144;     2;     1;  -117;  -117;  -5.2; drag-lps8-07; 1; 8; 125000; 21700
2023-05-18 17:46:32; hka-aqm-a107;  24.58;  27.65;   410;   741;   331;    78;     2;     1;  -118;  -118;  -4.8; drag-lps8-07; 2; 8; 125000; 21701
2023-05-18 17:46:52; hka-aqm-a107;  24.58;  27.79;   409;   725;   278;    56;     0;     0;  -118;  -118;  -4.5; drag-lps8-07; 0; 8; 125000; 21702
2023-05-18 17:47:51; hka-aqm-a107;  24.54;  27.79;   411;   703;   432;   118;     0;     0;  -122;  -122;  -3.5; drag-outd-01; 6; 8; 125000; 21703
2023-05-18 17:48:52; hka-aqm-a107;  24.60;  27.99;   406;   700;   410;   111;     1;     0;  -118;  -118;   0.8; drag-outd-01; 3; 8; 125000; 21704
2023-05-18 17:49:12; hka-aqm-a107;  24.57;  27.96;   405;   699;   278;    56;     1;     0;  -115;  -115;   1.8; drag-outd-01; 4; 8; 125000; 21705
2023-05-18 17:50:31; hka-aqm-a107;  24.57;  27.92;   413;   727;   464;   130;     1;     0;  -116;  -116;  -4.0; drag-lps8-07; 7; 8; 125000; 21706
2023-05-18 17:52:32; hka-aqm-a107;  24.55;  28.02;   407;   722;   324;    73;     1;     0;  -125;  -125;  -8.2; drag-lps8-02; 5; 8; 125000; 21707
2023-05-18 17:52:52; hka-aqm-a107;  24.55;  27.85;   407;   726;   424;   114;     1;     0;  -117;  -117;  -5.0; drag-lps8-07; 7; 8; 125000; 21708
2023-05-18 17:55:53; hka-aqm-a107;  24.54;  27.99;   407;   703;   359;    89;     1;     0;  -129;  -129;  -9.0; drag-outd-01; 0; 8; 125000; 21709
2023-05-18 17:56:51; hka-aqm-a107;  24.48;  28.09;   415;   699;   444;   122;     1;     0;  -119;  -119;  -5.2; drag-lps8-07; 3; 8; 125000; 21710
2023-05-18 17:57:12; hka-aqm-a107;  24.52;  27.89;   412;   707;   286;    58;     1;     0;  -117;  -117;  -4.0; drag-lps8-07; 6; 8; 125000; 21711
2023-05-18 17:58:13; hka-aqm-a107;  24.52;  27.51;   408;   684;   449;   125;     1;     0;  -116;  -116;  -1.5; drag-outd-01; 2; 8; 125000; 21712
2023-05-18 18:07:12; hka-aqm-a107;  24.46;  27.51;   410;   645;   368;    93;     2;     0;  -118;  -118;  -5.0; drag-lps8-07; 1; 8; 125000; 21713
2023-05-18 18:08:32; hka-aqm-a107;  24.46;  27.62;   416;   651;   460;   130;     1;     0;  -116;  -116;  -3.5; drag-lps8-07; 4; 8; 125000; 21714
2023-05-18 18:22:51; hka-aqm-a107;  24.37;  27.79;   410;   658;   317;    74;     2;     0;  -118;  -118;  -5.8; drag-lps8-07; 5; 8; 125000; 21715
2023-05-18 18:23:11; hka-aqm-a107;  24.36;  27.79;   409;   656;   383;    99;     1;     0;  -117;  -117;  -4.8; drag-lps8-07; 6; 8; 125000; 21716
2023-05-18 18:38:18; hka-aqm-a107;  24.36;  27.68;   407;   662;   398;   110;     2;     0;  -117;  -117;  -4.0; drag-lps8-07; 4; 8; 125000; 21717
2023-05-18 18:53:24; hka-aqm-a107;  24.30;  27.79;   409;   677;   363;   104;     0;     0;  -118;  -118;  -4.0; drag-lps8-07; 0; 8; 125000; 21718
2023-05-18 19:08:30; hka-aqm-a107;  24.20;  27.72;   418;   654;   320;    86;     1;     0;  -120;  -120;  -3.2; drag-outd-01; 2; 8; 125000; 21719
2023-05-18 19:14:53; hka-aqm-a107;  24.11;  27.58;   411;   763;   375;   111;     2;     0;  -128;  -128;  -8.0; drag-outd-01; 7; 8; 125000; 21720
2023-05-18 19:15:13; hka-aqm-a107;  24.12;  27.65;   410;   727;   478;   155;     0;     0;  -118;  -118;  -5.0; drag-lps8-07; 3; 8; 125000; 21721
2023-05-18 19:15:33; hka-aqm-a107;  24.12;  27.51;   409;   705;   625;   218;     1;     0;  -116;  -116;  -4.8; drag-lps8-07; 5; 8; 125000; 21722
2023-05-18 19:15:52; hka-aqm-a107;  24.12;  27.45;   407;   694;   799;   290;     1;     0;  -116;  -116;  -5.0; drag-lps8-07; 1; 8; 125000; 21723
2023-05-18 19:16:12; hka-aqm-a107;  24.16;  27.38;   407;   678;   962;   355;     1;     0;  -126;  -126;  -6.8; drag-outd-01; 7; 8; 125000; 21724
2023-05-18 19:16:32; hka-aqm-a107;  24.18;  27.65;   407;   669;  1248;   463;     1;     0;  -118;  -118;  -0.5; drag-outd-01; 4; 8; 125000; 21725
2023-05-18 19:16:53; hka-aqm-a107;  24.16;  27.75;   407;   719;  1596;   585;     1;     0;  -126;  -126;  -5.5; drag-outd-01; 0; 8; 125000; 21726
2023-05-18 19:17:14; hka-aqm-a107;  24.16;  27.65;   407;   698;  1895;   677;     1;     0;  -123;  -123;  -4.2; drag-outd-01; 1; 8; 125000; 21727
2023-05-18 19:17:33; hka-aqm-a107;  24.16;  27.65;   407;   683;  1984;   699;     0;     0;  -118;  -118; nan; drag-outd-01; 3; 8; 125000; 21728
2023-05-18 19:18:31; hka-aqm-a107;  24.21;  27.79;   411;   671;  1925;   679;     0;     0;  -119;  -119;  -4.8; drag-lps8-07; 2; 8; 125000; 21729
2023-05-18 19:18:53; hka-aqm-a107;  24.17;  27.75;   410;   669;  1211;   464;     0;     0;  -118;  -118;  -4.5; drag-lps8-07; 5; 8; 125000; 21730
2023-05-18 19:19:12; hka-aqm-a107;  24.18;  27.72;   409;   667;  1122;   429;     1;     0;  -127;  -127;  -7.0; drag-outd-01; 6; 8; 125000; 21731
2023-05-18 19:19:33; hka-aqm-a107;  24.18;  27.65;   408;   661;  1038;   396;     1;     0;  -115;  -115;   0.5; drag-outd-01; 2; 8; 125000; 21732
2023-05-18 19:19:53; hka-aqm-a107;  24.20;  27.58;   407;   657;   913;   346;     1;     0;  -117;  -117;  -4.2; drag-lps8-07; 7; 8; 125000; 21733
2023-05-18 19:20:14; hka-aqm-a107;  24.17;  27.58;   406;   661;   733;   271;     1;     0;  -116;  -116;  -4.0; drag-lps8-07; 4; 8; 125000; 21734
2023-05-18 19:20:52; hka-aqm-a107;  24.16;  27.45;   410;   663;   383;   121;     0;     0;  -122;  -122;  -9.5; drag-outd-01; 5; 8; 125000; 21735
2023-05-18 19:21:32; hka-aqm-a107;  24.15;  27.68;   413;   660;   279;    75;     0;     0;  -118;  -118;  -2.5; drag-outd-01; 1; 8; 125000; 21736
2023-05-18 19:36:39; hka-aqm-a107;  24.02;  27.92;   405;   694;   213;    55;     2;     0;  -123;  -123;  -4.0; drag-outd-01; 0; 8; 125000; 21737
2023-05-18 19:51:45; hka-aqm-a107;  23.98;  27.99;   414;   685;   161;    38;     2;     0;  -119;  -119;  -4.8; drag-lps8-07; 3; 8; 125000; 21738
2023-05-18 20:06:52; hka-aqm-a107;  23.94;  28.13;   405;   667;   117;    26;     2;     0;  -122;  -122;  -8.0; drag-lps8-07; 6; 8; 125000; 21739
2023-05-18 20:21:59; hka-aqm-a107;  23.89;  28.02;   408;   706;    74;    15;     3;     0;  -117;  -117;   0.5; drag-outd-01; 3; 8; 125000; 21740
2023-05-18 20:37:05; hka-aqm-a107;  23.82;  28.23;   416;   741;    43;     8;     2;     0;  -121;  -121;  -7.0; drag-lps8-07; 2; 8; 125000; 21741
2023-05-18 20:52:13; hka-aqm-a107;  23.83;  28.33;   411;   740;    20;     3;     3;     0;  -125;  -125;  -6.2; drag-outd-01; 7; 8; 125000; 21742
2023-05-18 21:07:19; hka-aqm-a107;  23.80;  28.47;   412;   800;    12;     3;     3;     0;  -120;  -120;  -7.5; drag-lps8-07; 5; 8; 125000; 21743
2023-05-18 21:22:25; hka-aqm-a107;  23.74;  28.70;   408;   801;     8;     1;     1;     0;  -120;  -120;  -8.5; drag-lps8-07; 1; 8; 125000; 21744
2023-05-18 21:37:32; hka-aqm-a107;  23.70;  28.87;   412;   820;     7;     1;     3;     0;  -130;  -130; -10.5; drag-outd-01; 6; 8; 125000; 21745
2023-05-18 21:52:39; hka-aqm-a107;  23.67;  29.01;   415;   844;     7;     1;     3;     0;  -128;  -128;  -9.5; drag-lps8-08; 0; 8; 125000; 21746
2023-05-18 22:07:45; hka-aqm-a107;  23.62;  29.14;   419;   833;     7;     1;     1;     0;  -121;  -121;  -8.0; drag-lps8-07; 4; 8; 125000; 21747
2023-05-18 22:22:54; hka-aqm-a107;  23.60;  29.21;   421;   841;    10;     3;     3;     0;  -122;  -122;  -7.8; drag-lps8-07; 5; 8; 125000; 21748
2023-05-18 22:38:00; hka-aqm-a107;  23.54;  29.35;   425;   835;     7;     1;     3;     0;  -121;  -121;  -6.8; drag-lps8-07; 1; 8; 125000; 21749
2023-05-18 22:53:06; hka-aqm-a107;  23.51;  29.48;   420;   826;     7;     1;     0;     0;  -119;  -119;  -1.2; drag-outd-01; 4; 8; 125000; 21750
2023-05-18 23:08:13; hka-aqm-a107;  23.46;  29.48;   420;   832;     7;     1;     3;     0;  -127;  -127; -10.2; drag-lps8-08; 2; 8; 125000; 21751
2023-05-18 23:23:19; hka-aqm-a107;  23.41;  29.62;   424;   823;     7;     1;     3;     0;  -122;  -122;  -8.2; drag-lps8-07; 7; 8; 125000; 21752
2023-05-18 23:38:25; hka-aqm-a107;  23.37;  29.69;   423;   824;    10;     3;     0;     0;  -118;  -118;  -7.5; drag-lps8-07; 6; 8; 125000; 21753
2023-05-18 23:53:32; hka-aqm-a107;  23.33;  29.75;   424;   794;    10;     3;     3;     0;  -118;  -118; nan; drag-outd-01; 3; 8; 125000; 21754
