# Logfile LoRaWAN TTN/TTS V3 logger version hka-log V 1.1
date_time;device_id;tmp;hum;CO2;VOC;vis;IR;WIFI;BLE;rssi;channel_rssi;snr;gateway;channel_index;spreading_factor;bandwidth;f_cnt
2023-04-07 00:13:04; hka-aqm-a107;  20.30;  26.46;   424;   759;    10;     3;     4;    26;  -120;  -120;  -6.2; drag-lps8-07; 2; 8; 125000; 11935
2023-04-07 00:28:10; hka-aqm-a107;  20.31;  26.29;   426;   735;     7;     1;     2;     0;  -124;  -124; -10.2; drag-lps8-02; 7; 8; 125000; 11936
2023-04-07 00:43:17; hka-aqm-a107;  20.28;  26.29;   421;   750;     7;     1;     2;     0;  -122;  -122;  -9.0; drag-lps8-07; 5; 8; 125000; 11937
2023-04-07 00:58:24; hka-aqm-a107;  20.26;  26.29;   425;   786;     7;     1;     4;    26;  -126;  -126;  -8.5; drag-outd-01; 6; 8; 125000; 11938
2023-04-07 01:13:30; hka-aqm-a107;  20.24;  26.36;   416;   740;     7;     1;     1;     0;  -116;  -116;  -1.5; drag-outd-01; 1; 8; 125000; 11939
2023-04-07 01:28:37; hka-aqm-a107;  20.20;  26.36;   421;   741;     7;     1;     2;     0;  -118;  -118;   0.8; drag-outd-01; 3; 8; 125000; 11940
2023-04-07 01:43:44; hka-aqm-a107;  20.15;  26.42;   414;   756;     7;     1;     4;    26;  -123;  -123;  -8.8; drag-lps8-07; 4; 8; 125000; 11941
2023-04-07 01:58:51; hka-aqm-a107;  20.14;  26.56;   417;   745;     9;     2;     1;     0;  -121;  -121;  -7.2; drag-lps8-07; 2; 8; 125000; 11942
2023-04-07 02:13:57; hka-aqm-a107;  20.10;  26.66;   415;   733;    10;     3;     2;     0;  -119;  -119;  -8.2; drag-lps8-07; 1; 8; 125000; 11943
2023-04-07 02:29:03; hka-aqm-a107;  20.09;  26.76;   417;   728;     7;     1;     4;    26;  -118;  -118; nan; drag-outd-01; 3; 8; 125000; 11944
2023-04-07 02:44:09; hka-aqm-a107;  20.04;  26.87;   411;   753;    10;     3;     1;     0;  -132;  -132; -10.5; drag-outd-01; 7; 8; 125000; 11945
2023-04-07 02:59:16; hka-aqm-a107;  20.04;  26.97;   411;   714;     7;     1;     1;     0;  -124;  -124;  -9.2; drag-lps8-02; 0; 8; 125000; 11946
2023-04-07 03:14:24; hka-aqm-a107;  20.00;  27.04;   411;   721;     7;     1;     4;    26;  -119;  -119;  -1.0; drag-outd-01; 4; 8; 125000; 11947
2023-04-07 03:29:30; hka-aqm-a107;  19.98;  27.31;   412;   707;    10;     3;     3;     0;  -125;  -125; -11.8; drag-lps8-02; 6; 8; 125000; 11948
2023-04-07 03:44:36; hka-aqm-a107;  19.96;  27.31;   413;   657;    10;     3;     2;     0;  -122;  -122;  -9.0; drag-lps8-07; 5; 8; 125000; 11949
2023-04-07 03:59:44; hka-aqm-a107;  19.92;  27.45;   413;   695;    10;     3;     4;    26;  -122;  -122; -10.0; drag-lps8-07; 6; 8; 125000; 11950
2023-04-07 04:14:50; hka-aqm-a107;  19.90;  27.55;   412;   683;     7;     1;     2;     0;  -123;  -123;  -8.8; drag-lps8-07; 5; 8; 125000; 11951
2023-04-07 04:29:56; hka-aqm-a107;  19.88;  27.72;   414;   670;     7;     1;     1;     0;  -125;  -125;  -8.0; drag-lps8-02; 0; 8; 125000; 11952
2023-04-07 04:45:03; hka-aqm-a107;  19.87;  27.79;   411;   653;     7;     1;     4;    26;  -120;  -120;  -8.2; drag-lps8-07; 4; 8; 125000; 11953
2023-04-07 05:00:09; hka-aqm-a107;  19.84;  27.99;   420;   654;    10;     3;     2;     0;  -124;  -124;  -9.0; drag-lps8-02; 7; 8; 125000; 11954
2023-04-07 05:15:15; hka-aqm-a107;  19.84;  28.13;   414;   683;     7;     1;     0;     0;  -117;  -117;  -1.0; drag-outd-01; 2; 8; 125000; 11955
2023-04-07 05:30:24; hka-aqm-a107;  19.78;  28.26;   424;   720;     7;     1;     4;    26;  -119;  -119;   0.2; drag-outd-01; 3; 8; 125000; 11956
2023-04-07 05:45:30; hka-aqm-a107;  19.78;  28.33;   415;   661;     7;     1;     1;     0;  -121;  -121;  -7.8; drag-lps8-07; 1; 8; 125000; 11957
2023-04-07 06:00:37; hka-aqm-a107;  19.76;  28.50;   419;   653;    10;     2;     0;     0;  -122;  -122; -10.2; drag-lps8-07; 6; 8; 125000; 11958
2023-04-07 06:15:44; hka-aqm-a107;  19.71;  28.64;   417;   650;     7;     1;     4;    26;  -124;  -124; -12.5; drag-lps8-07; 3; 8; 125000; 11959
2023-04-07 06:30:50; hka-aqm-a107;  19.72;  28.57;   416;   672;     8;     1;     2;     0;  -126;  -126;  -9.5; drag-lps8-02; 7; 8; 125000; 11960
2023-04-07 06:45:57; hka-aqm-a107;  19.70;  28.67;   417;   617;    12;     2;     3;     0;  -118;  -118;  -4.0; drag-outd-01; 1; 8; 125000; 11961
2023-04-07 07:01:03; hka-aqm-a107;  19.68;  28.77;   415;   645;    13;     2;     4;    26;  -122;  -122;  -8.5; drag-lps8-07; 4; 8; 125000; 11962
2023-04-07 07:16:09; hka-aqm-a107;  19.69;  28.87;   415;   645;    22;     6;     0;     0;  -122;  -122;  -3.0; drag-outd-01; 0; 8; 125000; 11963
2023-04-07 07:31:15; hka-aqm-a107;  19.66;  29.04;   415;   654;    25;     5;     0;     0;  -123;  -123;  -8.8; drag-lps8-07; 5; 8; 125000; 11964
2023-04-07 07:46:24; hka-aqm-a107;  19.64;  29.01;   414;   651;    52;    13;     4;    26;  -117;  -117; nan; drag-outd-01; 2; 8; 125000; 11965
2023-04-07 08:01:30; hka-aqm-a107;  19.62;  29.14;   413;   618;   112;    27;     0;     0;  -128;  -128;  -9.5; drag-outd-01; 7; 8; 125000; 11966
2023-04-07 08:04:42; hka-aqm-a107;  19.59;  29.14;   415;   613;   259;    68;     4;    26;  -119;  -119;  -1.0; drag-outd-01; 2; 8; 125000; 11967
2023-04-07 08:05:42; hka-aqm-a107;  19.63;  29.11;   417;   628;   349;    92;     2;     0;  -123;  -123;  -3.2; drag-outd-01; 0; 8; 125000; 11968
2023-04-07 08:12:03; hka-aqm-a107;  19.64;  29.14;   412;   607;   635;   160;     3;     0;  -117;  -117;   1.0; drag-outd-01; 3; 8; 125000; 11969
2023-04-07 08:14:44; hka-aqm-a107;  19.63;  29.14;   419;   626;   737;   187;     2;     0;  -122;  -122;  -7.5; drag-lps8-07; 4; 8; 125000; 11970
2023-04-07 08:16:23; hka-aqm-a107;  19.66;  29.21;   411;   645;   904;   229;     2;     0;  -125;  -125;  -9.8; drag-lps8-02; 5; 8; 125000; 11972
2023-04-07 08:16:44; hka-aqm-a107;  19.66;  29.28;   411;   635;   979;   246;     2;     0;  -121;  -121;  -8.2; drag-lps8-07; 1; 8; 125000; 11973
2023-04-07 08:17:02; hka-aqm-a107;  19.65;  29.21;   411;   633;  1079;   269;     2;     0;  -124;  -124;  -8.8; drag-lps8-07; 4; 8; 125000; 11974
2023-04-07 08:17:42; hka-aqm-a107;  19.66;  29.21;   415;   636;  1533;   371;     2;     0;  -118;  -118;   0.8; drag-outd-01; 3; 8; 125000; 11975
2023-04-07 08:18:04; hka-aqm-a107;  19.70;  29.21;   413;   630;  3408;   871;     2;     0;  -129;  -129; -11.0; drag-outd-01; 6; 8; 125000; 11976
2023-04-07 08:18:23; hka-aqm-a107;  19.72;  29.21;   412;   626;  6265;  1648;     2;     0;  -121;  -121;  -7.2; drag-lps8-07; 0; 8; 125000; 11977
2023-04-07 08:18:42; hka-aqm-a107;  19.71;  29.21;   411;   619;  5390;  1407;     2;     0;  -122;  -122;  -9.0; drag-lps8-07; 5; 8; 125000; 11978
2023-04-07 08:19:03; hka-aqm-a107;  19.72;  29.14;   411;   626;  8550;  2292;     2;     0;  -122;  -122;  -8.0; drag-lps8-07; 7; 8; 125000; 11979
2023-04-07 08:19:23; hka-aqm-a107;  19.77;  29.25;   411;   632; 23889;  6688;     2;     0;  -118;  -118;  -0.8; drag-outd-01; 1; 8; 125000; 11980
2023-04-07 08:20:01; hka-aqm-a107;  19.79;  29.14;   415;   628; 24169;  6769;     1;     0;  -121;  -121;  -6.8; drag-lps8-07; 2; 8; 125000; 11981
2023-04-07 08:20:41; hka-aqm-a107;  19.87;  29.01;   417;   623; 21571;  6014;     1;     0;  -123;  -123;  -8.8; drag-lps8-07; 7; 8; 125000; 11982
2023-04-07 08:21:01; hka-aqm-a107;  19.90;  29.01;   415;   629; 17442;  4812;     1;     0;  -117;  -117; nan; drag-outd-01; 3; 8; 125000; 11983
2023-04-07 08:21:42; hka-aqm-a107;  19.91;  28.87;   413;   634; 19302;  5367;     3;     0;  -124;  -124;  -9.0; drag-lps8-07; 4; 8; 125000; 11984
2023-04-07 08:22:23; hka-aqm-a107;  19.90;  28.94;   416;   645; 17740;  4905;     3;     0;  -123;  -123; -10.0; drag-lps8-07; 6; 8; 125000; 11985
2023-04-07 08:23:03; hka-aqm-a107;  19.96;  28.81;   418;   633; 23448;  6521;     3;     0;  -125;  -125; -11.0; drag-lps8-02; 1; 8; 125000; 11986
2023-04-07 08:23:41; hka-aqm-a107;  19.98;  28.81;   419;   627; 23803;  6594;     2;     0;  -121;  -121;  -8.2; drag-lps8-07; 5; 8; 125000; 11987
2023-04-07 08:24:01; hka-aqm-a107;  20.04;  28.74;   416;   634; 23952;  6622;     1;     0;  -122;  -122;  -7.8; drag-lps8-07; 2; 8; 125000; 11988
2023-04-07 08:24:21; hka-aqm-a107;  20.08;  28.60;   414;   634; 23867;  6599;     1;     0;  -122;  -122;  -4.0; drag-outd-01; 0; 8; 125000; 11989
2023-04-07 08:24:42; hka-aqm-a107;  20.12;  28.64;   413;   635; 23228;  6435;     2;     0;  -122;  -122;  -8.5; drag-lps8-07; 1; 8; 125000; 11990
2023-04-07 08:25:03; hka-aqm-a107;  20.12;  28.60;   412;   639; 22511;  6237;     2;     0;  -124;  -124; -10.8; drag-lps8-07; 6; 8; 125000; 11991
2023-04-07 08:25:23; hka-aqm-a107;  20.14;  28.64;   411;   698; 19879;  5473;     1;     0;  -121;  -121;  -7.8; drag-lps8-07; 2; 8; 125000; 11992
2023-04-07 08:26:02; hka-aqm-a107;  20.14;  28.53;   415;   681; 14634;  3987;     1;     0;  -122;  -122;  -8.2; drag-lps8-07; 7; 8; 125000; 11993
2023-04-07 08:26:41; hka-aqm-a107;  20.15;  28.53;   417;   662;  4077;  1053;     2;     0;  -123;  -123;  -8.0; drag-lps8-02; 0; 8; 125000; 11994
2023-04-07 08:27:03; hka-aqm-a107;  20.11;  28.53;   415;   647;  1453;   352;     2;     0;  -122;  -122;  -8.5; drag-lps8-07; 5; 8; 125000; 11995
2023-04-07 08:27:41; hka-aqm-a107;  20.13;  28.53;   417;   644;  1308;   322;     2;     0;  -117;  -117;   1.0; drag-outd-01; 3; 8; 125000; 11996
2023-04-07 08:28:04; hka-aqm-a107;  20.08;  28.50;   414;   683;  1040;   261;     2;     0;  -119;  -119;  -1.0; drag-outd-01; 4; 8; 125000; 11997
2023-04-07 08:28:43; hka-aqm-a107;  20.11;  28.57;   416;   659;   887;   223;     3;     0;  -125;  -125;  -8.2; drag-lps8-02; 0; 8; 125000; 11998
2023-04-07 08:31:43; hka-aqm-a107;  20.06;  28.47;   417;   653;   620;   157;     2;     0;  -118;  -118;   1.2; drag-outd-01; 3; 8; 125000; 12000
2023-04-07 08:40:43; hka-aqm-a107;  20.14;  28.47;   416;   629;   640;   156;     3;     0;  -123;  -123;  -8.0; drag-lps8-07; 4; 8; 125000; 12001
2023-04-07 08:43:41; hka-aqm-a107;  20.05;  28.50;   420;   624;   804;   207;     3;     0;  -124;  -124;  -9.2; drag-lps8-02; 5; 8; 125000; 12002
2023-04-07 08:44:03; hka-aqm-a107;  20.06;  28.60;   417;   627;  1092;   274;     2;     0;  -121;  -121;  -7.0; drag-lps8-07; 2; 8; 125000; 12003
2023-04-07 08:44:22; hka-aqm-a107;  20.06;  28.67;   415;   630;  2459;   638;     2;     0;  -121;  -121;  -9.2; drag-lps8-07; 1; 8; 125000; 12004
2023-04-07 08:44:42; hka-aqm-a107;  20.07;  28.60;   413;   638;  8106;  2239;     2;     0;  -129;  -129;  -9.2; drag-outd-01; 7; 8; 125000; 12005
2023-04-07 08:45:21; hka-aqm-a107;  20.20;  28.67;   416;   661; 10939;  3053;     2;     0;  -116;  -116;  -2.5; drag-outd-01; 1; 8; 125000; 12006
2023-04-07 08:45:41; hka-aqm-a107;  20.20;  28.67;   414;   654;  7636;  2112;     2;     0;  -124;  -124;  -8.8; drag-lps8-07; 7; 8; 125000; 12007
2023-04-07 08:46:03; hka-aqm-a107;  20.18;  28.67;   413;   639;  4453;  1195;     2;     0;  -126;  -126;  -9.2; drag-lps8-02; 5; 8; 125000; 12008
2023-04-07 08:46:23; hka-aqm-a107;  20.24;  28.67;   412;   640;  7236;  2012;     1;     0;  -118;  -118;  -0.8; drag-outd-01; 4; 8; 125000; 12009
2023-04-07 08:46:42; hka-aqm-a107;  20.22;  28.57;   411;   638;  6685;  1853;     1;     0;  -117;  -117;   0.5; drag-outd-01; 3; 8; 125000; 12010
2023-04-07 08:47:03; hka-aqm-a107;  20.23;  28.60;   411;   632;  3160;   834;     2;     0;  -124;  -124; -11.5; drag-lps8-02; 6; 8; 125000; 12011
2023-04-07 08:47:22; hka-aqm-a107;  20.22;  28.57;   411;   630;  3583;   949;     2;     0;  -118;  -118;  -0.8; drag-outd-01; 2; 8; 125000; 12012
2023-04-07 08:47:42; hka-aqm-a107;  20.20;  28.53;   411;   649;  1835;   454;     1;     0;  -125;  -125;  -7.8; drag-lps8-02; 0; 8; 125000; 12013
2023-04-07 08:48:03; hka-aqm-a107;  20.23;  28.50;   411;   642;  3229;   846;     1;     0;  -124;  -124;  -8.5; drag-lps8-07; 7; 8; 125000; 12014
2023-04-07 08:48:42; hka-aqm-a107;  20.26;  28.36;   415;   645;  4899;  1346;     2;     0;  -118;  -118;  -0.8; drag-outd-01; 2; 8; 125000; 12015
2023-04-07 08:49:02; hka-aqm-a107;  20.26;  28.40;   413;   655;  2961;   773;     1;     0;  -124;  -124; -12.2; drag-lps8-02; 6; 8; 125000; 12016
2023-04-07 08:49:23; hka-aqm-a107;  20.23;  28.33;   412;   652;  5335;  1454;     1;     0;  -122;  -122;  -8.8; drag-lps8-07; 4; 8; 125000; 12017
2023-04-07 08:49:42; hka-aqm-a107;  20.37;  28.26;   411;   647;  4530;  1220;     1;     0;  -120;  -120;  -3.2; drag-outd-01; 0; 8; 125000; 12018
2023-04-07 08:50:04; hka-aqm-a107;  20.33;  28.19;   411;   637;  3603;   951;     1;     0;  -125;  -125;  -5.8; drag-outd-01; 5; 8; 125000; 12019
2023-04-07 08:50:41; hka-aqm-a107;  20.34;  28.23;   415;   632;  2872;   731;     1;     0;  -126;  -126; -11.5; drag-lps8-02; 1; 8; 125000; 12020
2023-04-07 08:51:02; hka-aqm-a107;  20.40;  28.19;   413;   636;  2408;   589;     1;     0;  -117;  -117;   1.2; drag-outd-01; 3; 8; 125000; 12021
2023-04-07 08:55:03; hka-aqm-a107;  20.54;  28.06;   411;   631;  2088;   498;     2;     0;  -125;  -125; -11.2; drag-lps8-02; 1; 8; 125000; 12022
2023-04-07 08:55:22; hka-aqm-a107;  20.59;  28.06;   411;   631;  1471;   338;     1;     0;  -122;  -122;  -9.5; drag-lps8-07; 6; 8; 125000; 12023
2023-04-07 08:55:42; hka-aqm-a107;  20.55;  28.06;   411;   631;  1204;   269;     1;     0;  -118;  -118;   1.5; drag-outd-01; 3; 8; 125000; 12024
2023-04-07 08:56:23; hka-aqm-a107;  20.48;  28.16;   415;   633;  1603;   376;     2;     0;  -117;  -117;  -1.0; drag-outd-01; 4; 8; 125000; 12025
2023-04-07 08:56:42; hka-aqm-a107;  20.48;  28.19;   413;   638;  1307;   301;     2;     0;  -122;  -122;  -8.5; drag-lps8-07; 5; 8; 125000; 12026
2023-04-07 08:57:03; hka-aqm-a107;  20.50;  28.16;   412;   632;  1219;   280;     2;     0;  -125;  -125;  -9.8; drag-lps8-07; 7; 8; 125000; 12027
2023-04-07 08:59:22; hka-aqm-a107;  20.44;  28.16;   413;   596;  1647;   393;     2;     0;  -126;  -126;  -8.8; drag-lps8-02; 0; 8; 125000; 12028
2023-04-07 08:59:43; hka-aqm-a107;  20.40;  28.13;   412;   603;  2000;   489;     1;     0;  -118;  -118;  -3.5; drag-outd-01; 2; 8; 125000; 12029
2023-04-07 09:00:03; hka-aqm-a107;  20.46;  28.13;   411;   617;  1799;   435;     3;     0;  -120;  -120;  -3.5; drag-outd-01; 0; 8; 125000; 12030
2023-04-07 09:00:42; hka-aqm-a107;  20.47;  28.26;   411;   582;  2071;   506;     3;     0;  -120;  -120;  -8.0; drag-lps8-07; 4; 8; 125000; 12031
2023-04-07 09:03:43; hka-aqm-a107;  20.53;  28.26;   408;   637;  1824;   439;     2;     0;  -123;  -123; -10.0; drag-lps8-07; 6; 8; 125000; 12032
2023-04-07 09:04:43; hka-aqm-a107;  20.56;  28.26;   412;   635;  1550;   360;     1;     0;  -120;  -120;  -2.0; drag-outd-01; 2; 8; 125000; 12033
2023-04-07 09:05:03; hka-aqm-a107;  20.51;  28.26;   411;   629;  1488;   341;     2;     0;  -123;  -123;  -9.0; drag-lps8-07; 5; 8; 125000; 12034
2023-04-07 09:05:22; hka-aqm-a107;  20.50;  28.30;   411;   633;  1708;   398;     2;     0;  -121;  -121;  -3.2; drag-outd-01; 1; 8; 125000; 12035
2023-04-07 09:05:42; hka-aqm-a107;  20.51;  28.33;   411;   635;  1999;   477;     1;     0;  -123;  -123;  -9.0; drag-lps8-07; 7; 8; 125000; 12036
2023-04-07 09:07:02; hka-aqm-a107;  20.54;  28.30;   412;   640;  1840;   431;     2;     0;  -118;  -118;   1.0; drag-outd-01; 3; 8; 125000; 12037
2023-04-07 09:07:22; hka-aqm-a107;  20.55;  28.36;   411;   643;  1602;   367;     2;     0;  -120;  -120;  -7.0; drag-lps8-07; 2; 8; 125000; 12038
2023-04-07 09:08:04; hka-aqm-a107;  20.56;  28.33;   415;   639;  1784;   412;     3;     0;  -118;  -118;  -1.2; drag-outd-01; 1; 8; 125000; 12039
2023-04-07 09:09:02; hka-aqm-a107;  20.62;  28.36;   415;   651;  1958;   454;     1;     0;  -121;  -121;  -7.0; drag-lps8-07; 0; 8; 125000; 12040
2023-04-07 09:13:02; hka-aqm-a107;  20.66;  28.33;   418;   653;  1850;   420;     3;     0;  -117;  -117;   1.5; drag-outd-01; 3; 8; 125000; 12041
2023-04-07 09:13:23; hka-aqm-a107;  20.66;  28.36;   415;   710;  1500;   327;     3;     0;  -118;  -118;  -0.2; drag-outd-01; 4; 8; 125000; 12042
2023-04-07 09:13:43; hka-aqm-a107;  20.62;  28.33;   412;   687;  1890;   429;     3;     0;  -125;  -125;  -8.2; drag-lps8-02; 7; 8; 125000; 12043
2023-04-07 09:14:03; hka-aqm-a107;  20.68;  28.26;   410;   676;  1700;   385;     3;     0;  -121;  -121;  -7.8; drag-lps8-07; 5; 8; 125000; 12044
2023-04-07 09:14:22; hka-aqm-a107;  20.68;  28.33;   409;   659;  1605;   359;     1;     0;  -124;  -124; -10.5; drag-lps8-07; 6; 8; 125000; 12045
2023-04-07 09:14:42; hka-aqm-a107;  20.66;  28.30;   408;   662;  1892;   438;     1;     0;  -123;  -123;  -8.8; drag-lps8-07; 5; 8; 125000; 12046
2023-04-07 09:15:23; hka-aqm-a107;  20.64;  28.26;   412;   649;  1484;   326;     2;     0;  -125;  -125;  -8.2; drag-lps8-02; 0; 8; 125000; 12047
2023-04-07 09:15:42; hka-aqm-a107;  20.66;  28.26;   411;   649;  1599;   360;     2;     0;  -121;  -121; -10.2; drag-lps8-07; 1; 8; 125000; 12048
2023-04-07 09:16:03; hka-aqm-a107;  20.67;  28.26;   411;   663;  1324;   289;     2;     0;  -118;  -118;  -1.5; drag-outd-01; 2; 8; 125000; 12049
2023-04-07 09:16:22; hka-aqm-a107;  20.68;  28.26;   411;   661;  1225;   263;     0;     0;  -120;  -120;  -7.5; drag-lps8-07; 4; 8; 125000; 12050
2023-04-07 09:18:23; hka-aqm-a107;  20.70;  28.23;   409;   635;  1244;   275;     2;     0;  -122;  -122;  -9.2; drag-lps8-07; 6; 8; 125000; 12051
2023-04-07 09:19:21; hka-aqm-a107;  20.70;  28.19;   412;   634;  1176;   259;     3;     0;  -118;  -118;   1.0; drag-outd-01; 3; 8; 125000; 12052
2023-04-07 09:19:41; hka-aqm-a107;  20.70;  28.13;   410;   637;  1121;   246;     2;     0;  -123;  -123;  -9.0; drag-lps8-07; 7; 8; 125000; 12053
2023-04-07 09:21:02; hka-aqm-a107;  20.69;  28.19;   408;   709;  1476;   337;     2;     0;  -118;  -118;   1.0; drag-outd-01; 3; 8; 125000; 12054
2023-04-07 09:21:23; hka-aqm-a107;  20.78;  28.26;   408;   683;  1249;   279;     1;     0;  -119;  -119;  -1.2; drag-outd-01; 4; 8; 125000; 12055
2023-04-07 09:22:01; hka-aqm-a107;  20.74;  28.23;   412;   667;  1150;   254;     2;     0;  -124;  -124; -11.0; drag-lps8-07; 6; 8; 125000; 12056
2023-04-07 09:23:23; hka-aqm-a107;  20.73;  28.19;   408;   640;  1454;   331;     1;     0;  -123;  -123;  -8.2; drag-lps8-02; 7; 8; 125000; 12057
2023-04-07 09:24:01; hka-aqm-a107;  20.73;  28.16;   412;   637;  1626;   376;     1;     0;  -122;  -122;  -7.2; drag-lps8-07; 0; 8; 125000; 12058
2023-04-07 09:24:23; hka-aqm-a107;  20.78;  28.19;   410;   635;  1234;   275;     1;     0;  -125;  -125; -12.2; drag-lps8-02; 2; 8; 125000; 12059
2023-04-07 09:24:43; hka-aqm-a107;  20.76;  28.13;   409;   633;  1176;   263;     1;     0;  -123;  -123;  -8.8; drag-lps8-07; 1; 8; 125000; 12060
2023-04-07 09:27:03; hka-aqm-a107;  20.78;  28.19;   408;   646;  1334;   306;     2;     0;  -122;  -122;  -8.2; drag-lps8-07; 5; 8; 125000; 12061
2023-04-07 09:27:23; hka-aqm-a107;  20.78;  28.19;   408;   641;  1191;   265;     2;     0;  -123;  -123;  -8.0; drag-lps8-07; 4; 8; 125000; 12062
2023-04-07 09:29:43; hka-aqm-a107;  20.79;  28.19;   419;   630;  1333;   298;     2;     0;  -124;  -124; -11.2; drag-lps8-07; 3; 8; 125000; 12063
2023-04-07 09:30:24; hka-aqm-a107;  20.76;  28.33;   412;   612;  1397;   314;     1;     0;  -123;  -123;  -8.8; drag-lps8-07; 7; 8; 125000; 12064
2023-04-07 09:30:42; hka-aqm-a107;  20.83;  28.33;   410;   620;  1490;   335;     1;     0;  -118;  -118;  -3.2; drag-outd-01; 1; 8; 125000; 12065
2023-04-07 09:31:02; hka-aqm-a107;  20.79;  28.26;   409;   648;  1313;   290;     1;     0;  -120;  -120;  -3.0; drag-outd-01; 2; 8; 125000; 12066
2023-04-07 09:31:41; hka-aqm-a107;  20.79;  28.26;   412;   630;  1441;   324;     1;     0;  -123;  -123;  -9.0; drag-lps8-07; 5; 8; 125000; 12067
2023-04-07 09:32:01; hka-aqm-a107;  20.83;  28.26;   410;   637;  1326;   293;     1;     0;  -125;  -125;  -8.0; drag-lps8-02; 0; 8; 125000; 12068
2023-04-07 09:33:04; hka-aqm-a107;  20.82;  28.26;   413;   635;  1190;   259;     2;     0;  -124;  -124; -10.8; drag-lps8-07; 6; 8; 125000; 12069
2023-04-07 09:33:23; hka-aqm-a107;  20.84;  28.23;   412;   635;  1034;   221;     2;     0;  -119;  -119;  -0.8; drag-outd-01; 4; 8; 125000; 12070
2023-04-07 09:34:42; hka-aqm-a107;  20.84;  28.26;   412;   637;   982;   207;     2;     0;  -122;  -122;  -8.5; drag-lps8-07; 1; 8; 125000; 12071
2023-04-07 09:37:03; hka-aqm-a107;  20.92;  28.26;   409;   644;  1033;   220;     3;     0;  -123;  -123; -10.2; drag-lps8-02; 5; 8; 125000; 12072
2023-04-07 09:37:22; hka-aqm-a107;  20.86;  28.26;   409;   644;   977;   204;     0;     0;  -123;  -123;  -9.2; drag-lps8-02; 7; 8; 125000; 12073
2023-04-07 09:39:01; hka-aqm-a107;  20.95;  28.19;   420;   644;  1336;   296;     2;     0;  -117;  -117;  -2.2; drag-outd-01; 2; 8; 125000; 12074
2023-04-07 09:39:22; hka-aqm-a107;  20.92;  28.26;   417;   643;  1137;   239;     2;     0;  -122;  -122;  -7.5; drag-lps8-07; 0; 8; 125000; 12075
2023-04-07 09:40:03; hka-aqm-a107;  20.94;  28.19;   413;   635;  1228;   263;     3;     0;  -122;  -122;  -9.0; drag-lps8-07; 6; 8; 125000; 12076
2023-04-07 09:40:43; hka-aqm-a107;  20.90;  28.26;   416;   638;  1088;   228;     3;     0;  -118;  -118;   0.8; drag-outd-01; 3; 8; 125000; 12077
2023-04-07 09:42:01; hka-aqm-a107;  20.94;  28.26;   415;   643;  1208;   261;     2;     0;  -123;  -123;  -8.8; drag-lps8-07; 7; 8; 125000; 12078
2023-04-07 09:42:41; hka-aqm-a107;  20.92;  28.26;   410;   646;  1251;   274;     2;     0;  -123;  -123;  -9.8; drag-lps8-07; 6; 8; 125000; 12080
2023-04-07 09:43:21; hka-aqm-a107;  20.90;  28.26;   413;   643;  1427;   318;     2;     0;  -122;  -122;  -7.0; drag-lps8-07; 0; 8; 125000; 12081
2023-04-07 09:44:44; hka-aqm-a107;  20.96;  28.19;   413;   639;  1519;   338;     2;     0;  -124;  -124;  -8.8; drag-lps8-07; 4; 8; 125000; 12082
2023-04-07 09:46:03; hka-aqm-a107;  20.92;  28.19;   412;   644;  1579;   353;     2;     0;  -122;  -122;  -3.8; drag-outd-01; 1; 8; 125000; 12083
2023-04-07 10:01:09; hka-aqm-a107;  21.30;  27.75;   412;   644;  1290;   277;     2;     0;  -118;  -118;   1.0; drag-outd-01; 3; 8; 125000; 12084
2023-04-07 10:05:01; hka-aqm-a107;  21.36;  27.72;   410;   664;  1104;   229;     3;     0;  -122;  -122;  -8.5; drag-lps8-07; 5; 8; 125000; 12085
2023-04-07 10:05:24; hka-aqm-a107;  21.37;  27.72;   408;   663;   949;   185;     1;     0;  -121;  -121;  -4.0; drag-outd-01; 4; 8; 125000; 12086
2023-04-07 10:05:42; hka-aqm-a107;  21.41;  27.68;   408;   661;   846;   159;     1;     0;  -123;  -123;  -8.0; drag-lps8-07; 7; 8; 125000; 12087
2023-04-07 10:06:21; hka-aqm-a107;  21.42;  27.65;   412;   658;  1156;   243;     3;     0;  -123;  -123;  -7.8; drag-lps8-02; 0; 8; 125000; 12088
2023-04-07 10:09:23; hka-aqm-a107;  21.46;  27.75;   412;   650;  1024;   210;     3;     0;  -118;  -118;   1.5; drag-outd-01; 3; 8; 125000; 12089
2023-04-07 10:10:03; hka-aqm-a107;  21.46;  27.72;   409;   644;  1014;   206;     1;     0;  -120;  -120;  -2.8; drag-outd-01; 1; 8; 125000; 12090
2023-04-07 10:10:41; hka-aqm-a107;  21.46;  27.72;   412;   598;   949;   188;     1;     0;  -124;  -124;  -5.0; drag-outd-01; 2; 8; 125000; 12091
2023-04-07 10:11:01; hka-aqm-a107;  21.42;  27.72;   410;   619;  1110;   232;     1;     0;  -126;  -126;  -9.5; drag-lps8-02; 5; 8; 125000; 12092
2023-04-07 10:19:42; hka-aqm-a107;  21.67;  27.58;   411;   658;   939;   193;     3;     0;  -124;  -124; -11.5; drag-lps8-02; 6; 8; 125000; 12093
2023-04-07 10:20:23; hka-aqm-a107;  21.68;  27.58;   409;   621;   878;   175;     2;     0;  -122;  -122;  -7.5; drag-lps8-07; 2; 8; 125000; 12094
2023-04-07 10:20:43; hka-aqm-a107;  21.70;  27.55;   408;   630;  1055;   222;     2;     0;  -119;  -119;  -2.0; drag-outd-01; 1; 8; 125000; 12095
2023-04-07 10:21:43; hka-aqm-a107;  21.74;  27.58;   410;   642;   865;   172;     2;     0;  -122;  -122;  -7.0; drag-lps8-02; 0; 8; 125000; 12096
2023-04-07 10:22:02; hka-aqm-a107;  21.69;  27.55;   409;   648;   978;   200;     1;     0;  -123;  -123; -10.2; drag-lps8-07; 6; 8; 125000; 12097
2023-04-07 10:22:23; hka-aqm-a107;  21.68;  27.55;   409;   668;  1067;   228;     2;     0;  -124;  -124;  -6.8; drag-outd-01; 5; 8; 125000; 12098
2023-04-07 10:23:22; hka-aqm-a107;  21.78;  27.45;   409;   652;   950;   201;     2;     0;  -124;  -124; -11.2; drag-lps8-07; 3; 8; 125000; 12099
2023-04-07 10:23:43; hka-aqm-a107;  21.74;  27.51;   409;   662;   798;   155;     1;     0;  -126;  -126; -11.0; drag-lps8-02; 4; 8; 125000; 12100
2023-04-07 10:25:23; hka-aqm-a107;  21.77;  27.51;   412;   659;   852;   170;     2;     0;  -123;  -123;  -8.0; drag-lps8-02; 7; 8; 125000; 12101
2023-04-07 10:26:43; hka-aqm-a107;  21.78;  27.51;   411;   656;   961;   205;     1;     0;  -122;  -122;  -9.0; drag-lps8-07; 1; 8; 125000; 12102
2023-04-07 10:27:23; hka-aqm-a107;  21.82;  27.45;   409;   633;   866;   185;     3;     0;  -122;  -122;  -9.5; drag-lps8-07; 6; 8; 125000; 12103
2023-04-07 10:28:03; hka-aqm-a107;  21.87;  27.45;   412;   631;   971;   213;     3;     0;  -124;  -124;  -9.0; drag-lps8-02; 7; 8; 125000; 12104
2023-04-07 10:28:42; hka-aqm-a107;  21.81;  27.48;   409;   663;   885;   188;     3;     0;  -122;  -122;  -7.5; drag-lps8-07; 0; 8; 125000; 12105
2023-04-07 10:29:42; hka-aqm-a107;  21.82;  27.45;   408;   628;   966;   208;     3;     0;  -126;  -126; -10.5; drag-lps8-02; 2; 8; 125000; 12106
2023-04-07 10:30:43; hka-aqm-a107;  21.84;  27.45;   408;   670;   898;   192;     2;     0;  -120;  -120;  -0.5; drag-outd-01; 3; 8; 125000; 12107
2023-04-07 10:31:03; hka-aqm-a107;  21.81;  27.48;   408;   659;   980;   213;     1;     0;  -128;  -128;  -8.8; drag-outd-01; 5; 8; 125000; 12108
2023-04-07 10:31:42; hka-aqm-a107;  21.84;  27.45;   413;   661;  1034;   231;     1;     0;  -121;  -121;  -8.0; drag-lps8-07; 4; 8; 125000; 12109
2023-04-07 10:32:21; hka-aqm-a107;  21.86;  27.45;   416;   692;  1117;   253;     1;     0;  -117;  -117;  -1.8; drag-outd-01; 1; 8; 125000; 12110
2023-04-07 10:34:02; hka-aqm-a107;  21.81;  27.38;   410;   665;  1046;   232;     2;     0;  -123;  -123;  -8.8; drag-lps8-07; 5; 8; 125000; 12111
2023-04-07 10:34:42; hka-aqm-a107;  21.90;  27.45;   409;   688;   908;   192;     3;     0;  -122;  -122;  -7.2; drag-lps8-07; 0; 8; 125000; 12112
2023-04-07 10:35:02; hka-aqm-a107;  21.84;  27.51;   408;   681;   808;   163;     3;     0;  -118;  -118;  -0.5; drag-outd-01; 2; 8; 125000; 12113
2023-04-07 10:36:02; hka-aqm-a107;  21.82;  27.45;   412;   676;  1022;   225;     2;     0;  -122;  -122;  -8.0; drag-lps8-07; 7; 8; 125000; 12114
2023-04-07 10:44:21; hka-aqm-a107;  22.00;  27.38;   413;   664;   938;   218;     3;     0;  -128;  -128; -10.8; drag-lps8-02; 4; 8; 125000; 12115
2023-04-07 10:44:41; hka-aqm-a107;  22.04;  27.45;   411;   662;   851;   189;     2;     0;  -129;  -129; -10.0; drag-outd-01; 6; 8; 125000; 12116
2023-04-07 10:45:02; hka-aqm-a107;  22.06;  27.45;   410;   683;   736;   156;     1;     0;  -118;  -118;  -0.2; drag-outd-01; 3; 8; 125000; 12117
2023-04-07 10:45:23; hka-aqm-a107;  22.03;  27.45;   409;   672;   960;   212;     1;     0;  -122;  -122;  -7.0; drag-lps8-02; 0; 8; 125000; 12118
2023-04-07 10:49:42; hka-aqm-a107;  22.11;  27.48;   413;   691;   718;   161;     3;     0;  -121;  -121;  -7.8; drag-lps8-07; 2; 8; 125000; 12119
2023-04-07 10:50:03; hka-aqm-a107;  22.15;  27.45;   411;   676;   637;   133;     2;     0;  -120;  -120;  -2.5; drag-outd-01; 1; 8; 125000; 12120
2023-04-07 10:50:43; hka-aqm-a107;  22.08;  27.48;   409;   670;   713;   153;     2;     0;  -124;  -124; -10.5; drag-lps8-07; 6; 8; 125000; 12121
2023-04-07 10:51:02; hka-aqm-a107;  22.14;  27.48;   408;   685;   817;   182;     2;     0;  -123;  -123;  -9.0; drag-lps8-07; 4; 8; 125000; 12122
2023-04-07 10:51:42; hka-aqm-a107;  22.17;  27.51;   412;   681;   934;   217;     2;     0;  -117;  -117;   0.8; drag-outd-01; 3; 8; 125000; 12123
2023-04-07 10:52:22; hka-aqm-a107;  22.12;  27.51;   414;   680;   772;   168;     2;     0;  -122;  -122;  -9.0; drag-lps8-07; 5; 8; 125000; 12124
2023-04-07 10:52:42; hka-aqm-a107;  22.16;  27.51;   412;   677;   647;   134;     1;     0;  -122;  -122;  -8.2; drag-lps8-07; 7; 8; 125000; 12125
2023-04-07 10:56:01; hka-aqm-a107;  22.13;  27.51;   412;   660;   707;   149;     2;     0;  -124;  -124;  -6.2; drag-outd-01; 2; 8; 125000; 12126
2023-04-07 10:56:21; hka-aqm-a107;  22.14;  27.48;   410;   664;   871;   198;     2;     0;  -120;  -120;  -1.8; drag-outd-01; 4; 8; 125000; 12127
2023-04-07 10:56:43; hka-aqm-a107;  22.18;  27.51;   409;   660;   632;   127;     2;     0;  -124;  -124;  -5.0; drag-outd-01; 1; 8; 125000; 12128
2023-04-07 11:11:50; hka-aqm-a107;  22.17;  27.58;   408;   664;   470;   108;     2;     0;  -123;  -123;  -8.0; drag-lps8-07; 5; 8; 125000; 12129
2023-04-07 11:17:23; hka-aqm-a107;  22.14;  27.62;   406;   665;   590;   144;     3;     0;  -130;  -130; -10.0; drag-outd-01; 6; 8; 125000; 12130
2023-04-07 11:17:43; hka-aqm-a107;  22.11;  27.65;   405;   674;   645;   159;     2;     0;  -125;  -125;  -8.0; drag-lps8-02; 0; 8; 125000; 12131
2023-04-07 11:18:02; hka-aqm-a107;  22.09;  27.65;   405;   676;   696;   171;     2;     0;  -130;  -130; -10.5; drag-outd-01; 7; 8; 125000; 12132
2023-04-07 11:21:02; hka-aqm-a107;  22.18;  27.79;   405;   676;   593;   141;     3;     0;  -118;  -118;  -0.2; drag-outd-01; 3; 8; 125000; 12133
2023-04-07 11:22:22; hka-aqm-a107;  22.16;  27.79;   406;   681;   605;   143;     1;     0;  -124;  -124;  -8.5; drag-lps8-02; 7; 8; 125000; 12134
2023-04-07 11:22:42; hka-aqm-a107;  22.16;  27.85;   406;   684;   666;   163;     2;     0;  -118;  -118;  -1.5; drag-outd-01; 4; 8; 125000; 12135
2023-04-07 11:23:02; hka-aqm-a107;  22.17;  27.85;   406;   684;   727;   182;     2;     0;  -126;  -126;  -6.5; drag-outd-01; 0; 8; 125000; 12136
2023-04-07 11:25:02; hka-aqm-a107;  22.18;  27.89;   410;   671;   664;   163;     3;     0;  -127;  -127;  -8.8; drag-outd-01; 6; 8; 125000; 12137
2023-04-07 11:32:02; hka-aqm-a107;  22.18;  27.99;   408;   669;   792;   197;     2;     0;  -120;  -120;  -8.0; drag-lps8-07; 5; 8; 125000; 12139
2023-04-07 11:33:02; hka-aqm-a107;  22.21;  27.99;   406;   679;   650;   157;     3;     0;  -120;  -120;  -7.2; drag-lps8-07; 1; 8; 125000; 12140
2023-04-07 11:36:03; hka-aqm-a107;  22.23;  27.92;   409;   665;   702;   164;     2;     0;  -117;  -117;   1.8; drag-outd-01; 3; 8; 125000; 12141
2023-04-07 11:49:02; hka-aqm-a107;  22.21;  27.92;   405;   675;   747;   180;     3;     0;  -121;  -121;  -4.0; drag-outd-01; 2; 8; 125000; 12142
2023-04-07 11:49:22; hka-aqm-a107;  22.20;  27.99;   405;   676;   805;   203;     1;     0;  -121;  -121;  -8.0; drag-lps8-07; 5; 8; 125000; 12143
2023-04-07 11:50:01; hka-aqm-a107;  22.21;  28.06;   408;   667;   685;   167;     2;     0;  -119;  -119;  -7.2; drag-lps8-07; 1; 8; 125000; 12144
2023-04-07 11:50:23; hka-aqm-a107;  22.19;  28.06;   407;   663;   602;   141;     2;     0;  -122;  -122;  -8.5; drag-lps8-07; 6; 8; 125000; 12145
2023-04-07 11:53:22; hka-aqm-a107;  22.22;  27.85;   404;   671;   599;   145;     3;     0;  -126;  -126;  -9.0; drag-lps8-02; 0; 8; 125000; 12146
2023-04-07 11:54:03; hka-aqm-a107;  22.18;  28.13;   404;   662;   682;   171;     2;     0;  -115;  -115;   3.0; drag-outd-01; 3; 8; 125000; 12147
2023-04-07 11:54:22; hka-aqm-a107;  22.19;  28.09;   404;   667;   608;   150;     2;     0;  -126;  -126;  -9.2; drag-lps8-02; 7; 8; 125000; 12148
2023-04-07 12:09:28; hka-aqm-a107;  22.12;  28.06;   408;   658;   398;    91;     0;     0;  -118;  -118;  -2.5; drag-outd-01; 4; 8; 125000; 12149
2023-04-07 12:24:35; hka-aqm-a107;  22.02;  28.40;   402;   683;   201;    51;     3;     0;  -122;  -122;  -7.5; drag-lps8-07; 7; 8; 125000; 12150
2023-04-07 12:39:43; hka-aqm-a107;  21.92;  28.47;   408;   678;   223;    54;     3;     0;  -122;  -122;  -8.5; drag-lps8-07; 6; 8; 125000; 12151
2023-04-07 12:54:50; hka-aqm-a107;  21.85;  28.57;   409;   668;   269;    64;     1;     0;  -124;  -124; -12.0; drag-lps8-07; 3; 8; 125000; 12152
2023-04-07 13:00:41; hka-aqm-a107;  21.84;  28.64;   406;   733;   387;   105;     3;     0;  -122;  -122;  -8.0; drag-lps8-07; 5; 8; 125000; 12153
2023-04-07 13:15:47; hka-aqm-a107;  21.78;  28.74;   405;   678;   436;   107;     1;     0;  -123;  -123;  -9.2; drag-lps8-02; 1; 8; 125000; 12154
2023-04-07 13:30:53; hka-aqm-a107;  21.81;  28.87;   409;   661;   481;   120;     2;     0;  -121;  -121;  -7.0; drag-lps8-07; 0; 8; 125000; 12155
2023-04-07 13:34:22; hka-aqm-a107;  21.75;  28.87;   405;   659;   419;    93;     3;     0;  -125;  -125; -10.0; drag-lps8-02; 2; 8; 125000; 12156
2023-04-07 13:43:42; hka-aqm-a107;  21.72;  29.08;   399;   663;   527;   138;     3;     0;  -121;  -121;  -7.2; drag-lps8-07; 4; 8; 125000; 12157
2023-04-07 13:48:43; hka-aqm-a107;  21.76;  28.94;   403;   653;   539;   142;     2;     0;  -118;  -118;  -6.5; drag-lps8-07; 2; 8; 125000; 12158
2023-04-07 13:49:43; hka-aqm-a107;  21.74;  29.08;   402;   648;   456;   109;     1;     0;  -124;  -124; -10.2; drag-lps8-02; 6; 8; 125000; 12159
2023-04-07 14:01:42; hka-aqm-a107;  21.74;  29.08;   403;   655;   599;   156;     3;     0;  -125;  -125; -11.0; drag-lps8-02; 4; 8; 125000; 12160
2023-04-07 14:02:02; hka-aqm-a107;  21.72;  29.08;   401;   684;   540;   133;     2;     0;  -124;  -124;  -6.8; drag-lps8-02; 0; 8; 125000; 12161
2023-04-07 14:17:08; hka-aqm-a107;  21.74;  28.97;   399;   664;   476;   115;     2;     0;  -120;  -120;  -3.5; drag-outd-01; 1; 8; 125000; 12162
2023-04-07 14:32:14; hka-aqm-a107;  21.73;  29.21;   398;   692;   363;    88;     0;     0;  -121;  -121;  -7.0; drag-lps8-07; 5; 8; 125000; 12163
2023-04-07 14:47:23; hka-aqm-a107;  21.66;  29.38;   400;   639;   346;    80;     3;     0;  -118;  -118; nan; drag-outd-01; 3; 8; 125000; 12164
2023-04-07 15:02:29; hka-aqm-a107;  21.58;  29.48;   396;   640;   250;    59;     2;     0;  -123;  -123;  -8.0; drag-lps8-07; 7; 8; 125000; 12165
2023-04-07 15:32:42; hka-aqm-a107;  21.49;  29.69;   393;   652;   352;    82;     3;     0;  -129;  -129; -10.2; drag-outd-01; 6; 8; 125000; 12167
2023-04-07 15:42:22; hka-aqm-a107;  21.43;  29.65;   398;   635;   370;    90;     3;     0;  -126;  -126; -10.5; drag-lps8-02; 5; 8; 125000; 12168
2023-04-07 15:57:28; hka-aqm-a107;  21.37;  29.69;   404;   663;   411;    98;     2;     0;  -124;  -124;  -8.8; drag-lps8-07; 7; 8; 125000; 12169
2023-04-07 16:12:34; hka-aqm-a107;  21.37;  29.75;   391;   626;   453;   109;     2;     0;  -118;  -118; nan; drag-outd-01; 3; 8; 125000; 12170
2023-04-07 16:27:43; hka-aqm-a107;  21.40;  29.75;   393;   644;   273;    70;     3;     0;  -119;  -119;  -2.0; drag-outd-01; 1; 8; 125000; 12171
2023-04-07 16:36:22; hka-aqm-a107;  21.38;  29.82;   393;   652;   313;    77;     3;     0;  -122;  -122;  -6.8; drag-lps8-07; 0; 8; 125000; 12173
2023-04-07 16:51:28; hka-aqm-a107;  21.32;  29.96;   395;   589;   284;    70;     0;     0;  -120;  -120;  -1.5; drag-outd-01; 3; 8; 125000; 12174
2023-04-07 17:06:34; hka-aqm-a107;  21.32;  30.23;   393;   649;   269;    59;     0;     0;  -122;  -122;  -8.5; drag-lps8-07; 5; 8; 125000; 12175
2023-04-07 17:21:43; hka-aqm-a107;  21.24;  30.36;   402;   651;   225;    48;     3;     0;  -123;  -123;  -8.8; drag-lps8-07; 4; 8; 125000; 12176
2023-04-07 17:36:49; hka-aqm-a107;  21.19;  30.29;   393;   672;   230;    53;     3;     0;  -121;  -121;  -6.8; drag-lps8-07; 0; 8; 125000; 12177
2023-04-07 17:51:56; hka-aqm-a107;  21.16;  30.36;   400;   646;   310;    71;     2;     0;  -124;  -124;  -6.0; drag-outd-01; 2; 8; 125000; 12178
2023-04-07 18:07:02; hka-aqm-a107;  21.11;  30.43;   397;   665;   317;    70;     3;     3;  -120;  -120;  -2.5; drag-outd-01; 1; 8; 125000; 12179
2023-04-07 18:20:43; hka-aqm-a107;  21.07;  30.50;   393;   652;   406;   106;     3;     3;  -128;  -128;  -8.5; drag-outd-01; 7; 8; 125000; 12180
2023-04-07 18:26:01; hka-aqm-a107;  21.08;  30.56;   393;   678;   348;    84;     3;     0;  -122;  -122; -10.5; drag-lps8-02; 6; 8; 125000; 12181
2023-04-07 18:26:42; hka-aqm-a107;  21.08;  30.56;   393;   661;   458;   126;     1;     0;  -124;  -124;  -9.8; drag-lps8-02; 2; 8; 125000; 12182
2023-04-07 18:27:01; hka-aqm-a107;  21.06;  30.60;   393;   688;   399;   105;     1;     0;  -123;  -123;  -4.0; drag-outd-01; 0; 8; 125000; 12183
2023-04-07 18:28:01; hka-aqm-a107;  21.06;  30.56;   395;   682;   329;    79;     2;     0;  -122;  -122;  -9.5; drag-lps8-07; 6; 8; 125000; 12184
2023-04-07 18:28:22; hka-aqm-a107;  21.07;  30.56;   394;   670;   391;   104;     1;     0;  -126;  -126;  -9.0; drag-lps8-02; 5; 8; 125000; 12185
2023-04-07 18:29:02; hka-aqm-a107;  21.01;  30.63;   397;   672;   297;    69;     1;     0;  -121;  -121;  -7.2; drag-lps8-07; 1; 8; 125000; 12186
2023-04-07 18:29:42; hka-aqm-a107;  21.06;  30.50;   399;   675;   363;    96;     1;     0;  -124;  -124;  -9.5; drag-lps8-07; 4; 8; 125000; 12187
2023-04-07 18:30:02; hka-aqm-a107;  21.07;  30.56;   397;   661;   275;    63;     1;     0;  -119;  -119;   0.2; drag-outd-01; 3; 8; 125000; 12188
2023-04-07 18:31:21; hka-aqm-a107;  21.04;  30.63;   401;   655;   328;    87;     3;     0;  -128;  -128;  -8.5; drag-outd-01; 7; 8; 125000; 12189
2023-04-07 18:32:02; hka-aqm-a107;  21.04;  30.60;   396;   641;   236;    52;     3;     0;  -130;  -130; -10.0; drag-outd-01; 6; 8; 125000; 12190
2023-04-07 18:47:08; hka-aqm-a107;  21.01;  30.60;   396;   651;   188;    46;     1;     0;  -120;  -120;  -2.5; drag-outd-01; 2; 8; 125000; 12191
2023-04-07 19:02:15; hka-aqm-a107;  20.94;  30.70;   400;   660;   101;    26;     2;     0;  -120;  -120;  -6.5; drag-lps8-07; 0; 8; 125000; 12192
2023-04-07 19:17:23; hka-aqm-a107;  20.86;  30.90;   403;   661;    67;    15;     3;     2;  -124;  -124;  -9.0; drag-lps8-02; 7; 8; 125000; 12193
2023-04-07 19:32:29; hka-aqm-a107;  20.82;  30.90;   413;   645;    36;     7;     1;     0;  -118;  -118;  -7.8; drag-lps8-07; 1; 8; 125000; 12194
2023-04-07 19:47:36; hka-aqm-a107;  20.75;  31.17;   399;   654;    12;     1;     0;     0;  -122;  -122;  -8.5; drag-lps8-07; 5; 8; 125000; 12195
2023-04-07 20:02:43; hka-aqm-a107;  20.70;  31.47;   399;   638;     9;     1;     3;     2;  -124;  -124;  -9.2; drag-lps8-07; 4; 8; 125000; 12196
2023-04-07 20:17:49; hka-aqm-a107;  20.66;  31.51;   400;   678;     8;     1;     3;     0;  -118;  -118;  -1.0; drag-outd-01; 3; 8; 125000; 12197
2023-04-07 20:32:55; hka-aqm-a107;  20.64;  31.71;   411;   675;    10;     3;     1;     0;  -125;  -125;  -9.8; drag-lps8-02; 5; 8; 125000; 12198
2023-04-07 20:48:01; hka-aqm-a107;  20.57;  31.71;   403;   679;     7;     1;     3;     2;  -122;  -122; -10.2; drag-lps8-07; 6; 8; 125000; 12199
2023-04-07 21:03:08; hka-aqm-a107;  20.52;  31.91;   410;   654;     7;     1;     1;     0;  -129;  -129;  -9.2; drag-outd-01; 7; 8; 125000; 12200
2023-04-07 21:18:14; hka-aqm-a107;  20.50;  31.98;   404;   679;     7;     1;     0;     0;  -120;  -120;  -2.0; drag-outd-01; 2; 8; 125000; 12201
2023-04-07 21:33:23; hka-aqm-a107;  20.46;  32.15;   404;   666;     7;     1;     3;     2;  -124;  -124;  -9.5; drag-lps8-07; 4; 8; 125000; 12202
2023-04-07 21:48:29; hka-aqm-a107;  20.43;  32.21;   408;   663;     7;     1;     2;     0;  -123;  -123;  -3.8; drag-outd-01; 0; 8; 125000; 12203
2023-04-07 22:03:35; hka-aqm-a107;  20.40;  32.31;   415;   681;     8;     1;     3;     2;  -109;  -109;  -2.0; drag-outd-01; 1; 8; 125000; 12204
2023-04-07 22:18:43; hka-aqm-a107;  20.37;  32.45;   403;   693;     7;     1;     1;     0;  -121;  -121;  -2.0; drag-outd-01; 3; 8; 125000; 12205
2023-04-07 22:33:49; hka-aqm-a107;  20.34;  32.52;   409;   686;     7;     1;     1;     0;  -124;  -124;  -8.5; drag-lps8-02; 7; 8; 125000; 12206
2023-04-07 22:48:56; hka-aqm-a107;  20.32;  32.58;   405;   686;     7;     1;     1;     0;  -120;  -120;  -3.2; drag-outd-01; 1; 8; 125000; 12207
2023-04-07 23:04:03; hka-aqm-a107;  20.30;  32.65;   415;   672;     7;     1;     3;     2;  -122;  -122;  -6.8; drag-lps8-07; 0; 8; 125000; 12208
2023-04-07 23:19:09; hka-aqm-a107;  20.28;  32.78;   412;   673;    10;     3;     3;     2;  -122;  -122;  -8.5; drag-lps8-07; 4; 8; 125000; 12209
2023-04-07 23:34:15; hka-aqm-a107;  20.25;  32.92;   407;   682;     7;     1;     3;     0;  -125;  -125;  -7.8; drag-outd-01; 5; 8; 125000; 12210
2023-04-07 23:49:22; hka-aqm-a107;  20.22;  32.99;   405;   671;     7;     1;     3;     2;  -120;  -120;  -1.2; drag-outd-01; 3; 8; 125000; 12211
