# Logfile LoRaWAN TTN/TTS V3 logger version hka-log V 1.1
date_time;device_id;tmp;hum;CO2;VOC;vis;IR;WIFI;BLE;rssi;channel_rssi;snr;gateway;channel_index;spreading_factor;bandwidth;f_cnt
2022-11-02 00:08:19; hka-aqm-a014;  22.52;  39.49;   467;   758;    10;     3;     2;     0;   -57;   -57;   9.0; drag-lps8-01; 7; 7; 125000; 3477
2022-11-02 00:23:26; hka-aqm-a014;  22.51;  39.92;   463;   749;     7;     0;     1;     0;   -59;   -59;   9.5; drag-lps8-01; 0; 7; 125000; 3478
2022-11-02 00:38:35; hka-aqm-a014;  22.51;  40.48;   453;   678;     7;     0;     2;     0;   -55;   -55;   9.0; drag-lps8-01; 3; 7; 125000; 3479
2022-11-02 00:53:41; hka-aqm-a014;  22.53;  40.87;   450;   750;     7;     0;     0;     0;   -57;   -57;  10.5; drag-lps8-01; 6; 7; 125000; 3480
2022-11-02 01:08:47; hka-aqm-a014;  22.53;  41.04;   445;   741;     7;     0;     1;     0;   -55;   -55;   9.2; drag-lps8-01; 1; 7; 125000; 3481
2022-11-02 01:23:55; hka-aqm-a014;  22.52;  41.10;   437;   711;     7;     0;     2;     0;   -55;   -55;   8.2; drag-lps8-01; 4; 7; 125000; 3482
2022-11-02 01:39:01; hka-aqm-a014;  22.51;  41.33;   441;   730;     7;     0;     1;     0;   -57;   -57;  10.0; drag-lps8-01; 7; 7; 125000; 3483
2022-11-02 01:54:07; hka-aqm-a014;  22.52;  41.46;   431;   741;     7;     0;     1;     0;   -57;   -57;   7.8; drag-lps8-01; 2; 7; 125000; 3484
2022-11-02 02:09:15; hka-aqm-a014;  22.52;  41.59;   435;   765;     7;     0;     2;     0;   -57;   -57;   6.5; drag-lps8-01; 5; 7; 125000; 3485
2022-11-02 02:24:21; hka-aqm-a014;  22.53;  41.62;   427;   691;    10;     3;     1;     0;   -58;   -58;   8.5; drag-lps8-01; 0; 7; 125000; 3486
2022-11-02 02:39:27; hka-aqm-a014;  22.52;  41.62;   426;   666;     7;     0;     0;     0;   -55;   -55;   9.5; drag-lps8-01; 6; 7; 125000; 3487
2022-11-02 02:54:34; hka-aqm-a014;  22.49;  41.66;   427;   649;     7;     1;     2;     0;   -57;   -57;  10.0; drag-lps8-01; 3; 7; 125000; 3488
2022-11-02 03:09:40; hka-aqm-a014;  22.54;  41.79;   432;   649;     7;     1;     2;     0;   -57;   -57;   9.5; drag-lps8-01; 4; 7; 125000; 3489
2022-11-02 03:24:55; hka-aqm-a014;  22.52;  41.66;   437;   601;     7;     0;     2;     0;   -59;   -59;   9.2; drag-lps8-01; 6; 7; 125000; 3491
2022-11-02 03:40:08; hka-aqm-a014;  22.51;  41.72;   436;   615;     7;     2;     1;     0;   -59;   -59;   9.8; drag-lps8-01; 0; 7; 125000; 3493
2022-11-02 03:55:15; hka-aqm-a014;  22.51;  41.76;   445;   552;     7;     0;     2;     0;   -57;   -57;   9.8; drag-lps8-01; 3; 7; 125000; 3494
2022-11-02 04:10:28; hka-aqm-a014;  22.52;  41.76;   435;   622;    10;     3;     0;     0;   -53;   -53;   7.2; drag-lps8-01; 2; 7; 125000; 3496
2022-11-02 04:25:34; hka-aqm-a014;  22.50;  41.72;   439;   569;    10;     3;     2;     0;   -55;   -55;   9.2; drag-lps8-01; 1; 7; 125000; 3497
2022-11-02 04:40:41; hka-aqm-a014;  22.49;  41.53;   438;   612;     7;     0;     1;     0;   -55;   -55;   7.2; drag-lps8-01; 2; 7; 125000; 3498
2022-11-02 04:55:47; hka-aqm-a014;  22.49;  41.33;   437;   606;    10;     2;     2;     0;   -55;   -55;   9.5; drag-lps8-01; 6; 7; 125000; 3499
2022-11-02 05:10:55; hka-aqm-a014;  22.50;  41.17;   428;   595;     7;     2;     2;     0;   -57;   -57;   9.2; drag-lps8-01; 3; 7; 125000; 3500
2022-11-02 05:26:01; hka-aqm-a014;  22.49;  41.20;   426;   668;     7;     0;     1;     0;   -55;   -55;   7.2; drag-lps8-01; 5; 7; 125000; 3501
2022-11-02 05:41:08; hka-aqm-a014;  22.49;  41.40;   423;   605;     7;     1;     1;     0;   -57;   -57;  11.0; drag-lps8-01; 0; 7; 125000; 3502
2022-11-02 05:56:15; hka-aqm-a014;  22.49;  41.66;   430;   633;     7;     0;     2;     0;   -57;   -57;   9.5; drag-lps8-01; 7; 7; 125000; 3503
2022-11-02 06:11:22; hka-aqm-a014;  22.50;  42.05;   430;   648;     9;     2;     0;     0;   -54;   -54;   9.2; drag-lps8-01; 4; 7; 125000; 3504
2022-11-02 06:26:28; hka-aqm-a014;  22.50;  42.70;   424;   675;     7;     0;     0;     0;   -55;   -55;   7.8; drag-lps8-01; 5; 7; 125000; 3505
2022-11-02 06:41:35; hka-aqm-a014;  22.48;  42.99;   431;   739;     7;     0;     2;     0;   -55;   -55;   8.5; drag-lps8-01; 3; 7; 125000; 3506
2022-11-02 06:56:42; hka-aqm-a014;  22.51;  43.58;   423;   668;    10;     3;     0;     0;   -55;   -55;   9.8; drag-lps8-01; 1; 7; 125000; 3507
2022-11-02 07:11:48; hka-aqm-a014;  22.50;  43.94;   423;   659;    10;     3;     0;     0;   -54;   -54;   8.8; drag-lps8-01; 6; 7; 125000; 3508
2022-11-02 07:26:56; hka-aqm-a014;  22.52;  44.03;   422;   721;     9;     1;     2;     0;   -55;   -55;   8.8; drag-lps8-01; 7; 7; 125000; 3509
2022-11-02 07:42:02; hka-aqm-a014;  22.55;  44.07;   429;   754;    11;     1;     0;     0;   -55;   -55;   8.5; drag-lps8-01; 0; 7; 125000; 3510
2022-11-02 07:57:09; hka-aqm-a014;  22.55;  44.00;   429;   810;    14;     3;     0;     0;   -55;   -55;   7.8; drag-lps8-01; 2; 7; 125000; 3511
2022-11-02 08:12:16; hka-aqm-a014;  22.56;  43.87;   432;   852;    23;     7;     2;     0;   -53;   -53;   8.0; drag-lps8-01; 4; 7; 125000; 3512
2022-11-02 08:27:22; hka-aqm-a014;  22.54;  43.94;   442;   870;    12;     2;     0;     0;   -57;   -57;   9.2; drag-lps8-01; 0; 7; 125000; 3513
2022-11-02 08:42:29; hka-aqm-a014;  22.55;  44.00;   435;   858;    14;     2;     0;     0;   -55;   -55;   6.5; drag-lps8-01; 2; 7; 125000; 3514
2022-11-02 08:57:36; hka-aqm-a014;  22.56;  44.07;   436;   870;    13;     2;     2;     0;   -55;   -55;   8.5; drag-lps8-01; 7; 7; 125000; 3515
2022-11-02 09:12:49; hka-aqm-a014;  22.56;  44.16;   440;   899;    14;     2;     1;     0;   -57;   -57;   9.2; drag-lps8-01; 4; 7; 125000; 3517
2022-11-02 09:27:56; hka-aqm-a014;  22.56;  44.26;   433;   840;    24;     5;     2;     0;   -57;   -57;   9.0; drag-lps8-01; 3; 7; 125000; 3518
2022-11-02 09:43:09; hka-aqm-a014;  22.57;  44.33;   445;   829;    60;    16;     1;     0;   -55;   -55;   9.8; drag-lps8-01; 6; 7; 125000; 3520
2022-11-02 09:58:16; hka-aqm-a014;  22.57;  44.26;   436;   766;    34;     8;     2;     1;   -55;   -55;   7.5; drag-lps8-01; 5; 7; 125000; 3521
2022-11-02 10:13:22; hka-aqm-a014;  22.60;  44.07;   438;   784;    45;    11;     1;     0;   -57;   -57;  10.2; drag-lps8-01; 0; 7; 125000; 3522
2022-11-02 10:28:28; hka-aqm-a014;  22.58;  43.87;   429;   742;    54;    14;     1;     0;   -55;   -55;   7.8; drag-lps8-01; 2; 7; 125000; 3523
2022-11-02 10:34:55; hka-aqm-a014;  22.58;  43.81;   426;   722;   105;    28;     2;     1;   -55;   -55;   9.2; drag-lps8-01; 6; 7; 125000; 3524
2022-11-02 10:35:36; hka-aqm-a014;  22.60;  43.81;   427;   722;    39;    10;     2;     0;   -55;   -55;  10.2; drag-lps8-01; 4; 7; 125000; 3525
2022-11-02 10:50:43; hka-aqm-a014;  22.60;  43.68;   434;   691;    80;    21;     1;     0;   -55;   -55;  10.2; drag-lps8-01; 1; 7; 125000; 3526
2022-11-02 11:05:49; hka-aqm-a014;  22.59;  43.58;   426;   693;    99;    28;     0;     0;   -55;   -55;   8.8; drag-lps8-01; 7; 7; 125000; 3527
2022-11-02 11:12:55; hka-aqm-a014;  22.58;  43.25;   422;   711;    40;    10;     2;     0;   -55;   -55;   9.0; drag-lps8-01; 3; 7; 125000; 3528
2022-11-02 11:28:01; hka-aqm-a014;  22.62;  42.38;   418;   554;    40;    11;     2;     0;   -55;   -55;   8.5; drag-lps8-01; 6; 7; 125000; 3529
2022-11-02 11:43:08; hka-aqm-a014;  22.62;  41.26;   416;   551;    90;    26;     1;     0;   -57;   -57;   8.8; drag-lps8-01; 0; 7; 125000; 3530
2022-11-02 11:58:17; hka-aqm-a014;  22.61;  40.15;   426;   501;    92;    27;     2;     0;   -54;   -54;   9.5; drag-lps8-01; 4; 7; 125000; 3531
2022-11-02 12:13:23; hka-aqm-a014;  22.62;  39.82;   418;   522;   105;    21;     0;     0;   -55;   -55;   7.2; drag-lps8-01; 5; 7; 125000; 3532
2022-11-02 12:28:29; hka-aqm-a014;  22.66;  38.83;   421;   502;   120;    29;     0;     1;   -57;   -57;   9.5; drag-lps8-01; 3; 7; 125000; 3533
2022-11-02 12:30:36; hka-aqm-a014;  22.65;  38.77;   414;   508;   137;    32;     2;     2;   -57;   -57;   9.8; drag-lps8-01; 7; 7; 125000; 3534
2022-11-02 12:45:42; hka-aqm-a014;  22.76;  37.88;   416;   541;   123;    28;     0;     0;   -55;   -55;  10.8; drag-lps8-01; 1; 7; 125000; 3535
2022-11-02 13:00:48; hka-aqm-a014;  22.82;  37.38;   420;   531;   124;    27;     1;     1;   -55;   -55;   7.8; drag-lps8-01; 2; 7; 125000; 3536
2022-11-02 13:15:57; hka-aqm-a014;  22.86;  37.15;   426;   517;    77;    22;     2;     2;   -55;   -55;   9.8; drag-lps8-01; 1; 7; 125000; 3537
2022-11-02 13:25:57; hka-aqm-a014;  22.82;  36.45;   419;   515;   159;    46;     2;     2;   -57;   -57;   9.0; drag-lps8-01; 7; 7; 125000; 3538
2022-11-02 13:26:16; hka-aqm-a014;  22.84;  36.42;   418;   522;   229;    62;     0;     0;   -55;   -55;   9.2; drag-lps8-01; 3; 7; 125000; 3539
2022-11-02 13:26:56; hka-aqm-a014;  22.84;  36.39;   417;   525;   123;    34;     0;     0;   -57;   -57;  10.2; drag-lps8-01; 6; 7; 125000; 3541
2022-11-02 13:32:56; hka-aqm-a014;  22.84;  36.59;   411;   516;   378;   101;     1;     0;   -57;   -57;   9.8; drag-lps8-01; 4; 7; 125000; 3542
2022-11-02 13:33:16; hka-aqm-a014;  22.82;  36.65;   411;   525;   301;    85;     1;     0;   -57;   -57;   7.8; drag-lps8-01; 2; 7; 125000; 3543
2022-11-02 13:33:35; hka-aqm-a014;  22.82;  36.65;   411;   531;   142;    40;     0;     0;   -55;   -55;   7.5; drag-lps8-01; 5; 7; 125000; 3544
2022-11-02 13:34:55; hka-aqm-a014;  22.82;  36.79;   416;   534;   205;    58;     1;     0;   -57;   -57;   9.5; drag-lps8-01; 1; 7; 125000; 3545
2022-11-02 13:35:37; hka-aqm-a014;  22.83;  36.72;   415;   585;   402;   112;     1;     0;   -59;   -59;   9.2; drag-lps8-01; 0; 7; 125000; 3546
2022-11-02 13:36:15; hka-aqm-a014;  22.82;  36.65;   414;   562;   543;   146;     0;     0;   -59;   -59;  10.5; drag-lps8-01; 7; 7; 125000; 3547
2022-11-02 13:36:36; hka-aqm-a014;  22.82;  36.62;   414;   551;   369;   102;     1;     0;   -57;   -57;   8.2; drag-lps8-01; 2; 7; 125000; 3548
2022-11-02 13:37:14; hka-aqm-a014;  22.83;  36.59;   418;   583;   427;   118;     1;     0;   -55;   -55;   8.5; drag-lps8-01; 4; 7; 125000; 3549
2022-11-02 13:37:34; hka-aqm-a014;  22.82;  36.59;   416;   571;   731;   200;     0;     0;   -57;   -57;   8.5; drag-lps8-01; 3; 7; 125000; 3550
2022-11-02 13:37:54; hka-aqm-a014;  22.82;  36.59;   415;   561;   619;   171;     0;     0;   -57;   -57;   9.5; drag-lps8-01; 6; 7; 125000; 3551
2022-11-02 13:38:16; hka-aqm-a014;  22.80;  36.52;   412;   550;   927;   253;     0;     0;   -57;   -57;   7.2; drag-lps8-01; 5; 7; 125000; 3552
2022-11-02 13:38:35; hka-aqm-a014;  22.81;  36.52;   410;   546;  1032;   284;     1;     0;   -55;   -55;   8.0; drag-lps8-01; 3; 7; 125000; 3553
2022-11-02 13:39:17; hka-aqm-a014;  22.81;  36.59;   410;   536;  1349;   374;     1;     0;   -58;   -58;   8.5; drag-lps8-01; 0; 7; 125000; 3554
2022-11-02 13:39:36; hka-aqm-a014;  22.83;  36.59;   410;   552;  1070;   297;     0;     0;   -55;   -55;   6.5; drag-lps8-01; 5; 7; 125000; 3555
2022-11-02 13:39:56; hka-aqm-a014;  22.82;  36.62;   410;   550;  1165;   323;     1;     0;   -57;   -57;   9.5; drag-lps8-01; 6; 7; 125000; 3556
2022-11-02 13:40:16; hka-aqm-a014;  22.81;  36.59;   410;   544;  1035;   289;     1;     0;   -55;   -55;   9.0; drag-lps8-01; 4; 7; 125000; 3557
2022-11-02 13:40:36; hka-aqm-a014;  22.81;  36.59;   411;   540;   952;   265;     1;     0;   -57;   -57;   9.0; drag-lps8-01; 7; 7; 125000; 3558
2022-11-02 13:40:55; hka-aqm-a014;  22.82;  36.62;   412;   544;  1496;   419;     0;     0;   -57;   -57;   9.8; drag-lps8-01; 1; 7; 125000; 3559
2022-11-02 13:41:36; hka-aqm-a014;  22.81;  36.55;   416;   538;   924;   258;     1;     0;   -55;   -55;   7.0; drag-lps8-01; 2; 7; 125000; 3560
2022-11-02 13:41:56; hka-aqm-a014;  22.84;  36.59;   415;   519;   763;   220;     1;     0;   -60;   -60;   9.8; drag-lps8-01; 3; 7; 125000; 3562
2022-11-02 13:42:16; hka-aqm-a014;  22.82;  36.59;   414;   530;   315;    94;     1;     0;   -55;   -55;   8.8; drag-lps8-01; 1; 7; 125000; 3564
2022-11-02 13:42:35; hka-aqm-a014;  22.83;  36.52;   414;   535;   160;    47;     1;     0;   -55;   -55;   6.5; drag-lps8-01; 2; 7; 125000; 3566
2022-11-02 13:42:55; hka-aqm-a014;  22.83;  36.52;   414;   539;    76;    22;     1;     0;   -55;   -55;  10.0; drag-lps8-01; 4; 7; 125000; 3567
2022-11-02 13:58:02; hka-aqm-a014;  22.79;  35.99;   416;   566;    52;    13;     0;     0;   -57;   -57;  10.0; drag-lps8-01; 7; 7; 125000; 3568
2022-11-02 14:13:08; hka-aqm-a014;  22.80;  36.06;   417;   570;    72;    18;     0;     0;   -57;   -57;   9.8; drag-lps8-01; 3; 7; 125000; 3569
2022-11-02 14:14:36; hka-aqm-a014;  22.76;  35.99;   415;   565;   259;    74;     2;     1;   -57;   -57;   9.5; drag-lps8-01; 0; 7; 125000; 3570
2022-11-02 14:14:56; hka-aqm-a014;  22.78;  35.92;   415;   563;   400;   112;     1;     0;   -55;   -55;   7.8; drag-lps8-01; 5; 7; 125000; 3571
2022-11-02 14:15:16; hka-aqm-a014;  22.80;  35.92;   413;   562;   477;   131;     0;     0;   -55;   -55;   9.0; drag-lps8-01; 1; 7; 125000; 3572
2022-11-02 14:15:37; hka-aqm-a014;  22.78;  35.89;   412;   555;   882;   237;     1;     0;   -55;   -55;   9.8; drag-lps8-01; 6; 7; 125000; 3573
2022-11-02 14:15:56; hka-aqm-a014;  22.78;  35.86;   412;   556;  1008;   260;     1;     0;   -55;   -55;   7.5; drag-lps8-01; 2; 7; 125000; 3574
2022-11-02 14:16:36; hka-aqm-a014;  22.78;  35.96;   415;   564;  2347;   595;     2;     0;   -55;   -55;   8.2; drag-lps8-01; 7; 7; 125000; 3575
2022-11-02 14:16:56; hka-aqm-a014;  22.78;  35.92;   413;   559;  3307;   840;     1;     0;   -53;   -53;   9.0; drag-lps8-01; 4; 7; 125000; 3576
2022-11-02 14:17:16; hka-aqm-a014;  22.78;  35.89;   412;   559;  6763;  1687;     0;     0;   -55;   -55;   7.2; drag-lps8-01; 2; 7; 125000; 3577
2022-11-02 14:17:57; hka-aqm-a014;  22.76;  35.79;   415;   556;  7834;  1942;     1;     0;   -55;   -55;   6.8; drag-lps8-01; 7; 7; 125000; 3578
2022-11-02 14:18:16; hka-aqm-a014;  22.77;  35.86;   414;   557;  8436;  2075;     1;     0;   -57;   -57;   9.2; drag-lps8-01; 0; 7; 125000; 3579
2022-11-02 14:18:37; hka-aqm-a014;  22.78;  35.86;   415;   551;  7986;  1949;     1;     0;   -54;   -54;   8.8; drag-lps8-01; 4; 7; 125000; 3580
2022-11-02 14:18:57; hka-aqm-a014;  22.78;  35.86;   413;   546;  8702;  2111;     1;     0;   -54;   -54;   8.2; drag-lps8-01; 6; 7; 125000; 3581
2022-11-02 14:19:36; hka-aqm-a014;  22.78;  35.86;   417;   552;  9451;  2296;     0;     0;   -55;   -55;   8.0; drag-lps8-01; 5; 7; 125000; 3582
2022-11-02 14:20:15; hka-aqm-a014;  22.77;  35.89;   420;   551;  9747;  2338;     1;     0;   -57;   -57;  10.0; drag-lps8-01; 3; 7; 125000; 3583
2022-11-02 14:20:36; hka-aqm-a014;  22.76;  35.79;   418;   555;  6099;  1436;     0;     0;   -57;   -57;   9.2; drag-lps8-01; 1; 7; 125000; 3584
2022-11-02 14:20:56; hka-aqm-a014;  22.78;  35.79;   417;   558;  3225;   759;     0;     0;   -55;   -55;   7.5; drag-lps8-01; 2; 7; 125000; 3585
2022-11-02 14:21:56; hka-aqm-a014;  22.75;  35.79;   425;   557;   146;    37;     1;     0;   -59;   -59;   9.8; drag-lps8-01; 0; 7; 125000; 3587
2022-11-02 14:34:37; hka-aqm-a014;  22.79;  35.52;   413;   619;   415;   104;     1;     0;   -54;   -54;  10.0; drag-lps8-01; 4; 7; 125000; 3589
2022-11-02 14:34:57; hka-aqm-a014;  22.78;  35.52;   413;   605;   851;   205;     1;     0;   -55;   -55;  10.0; drag-lps8-01; 6; 7; 125000; 3590
2022-11-02 14:35:16; hka-aqm-a014;  22.78;  35.49;   414;   597;  2314;   564;     1;     0;   -55;   -55;   6.2; drag-lps8-01; 5; 7; 125000; 3591
2022-11-02 14:35:36; hka-aqm-a014;  22.78;  35.52;   415;   596;  4376;  1023;     1;     0;   -55;   -55;   9.0; drag-lps8-01; 3; 7; 125000; 3592
2022-11-02 14:35:56; hka-aqm-a014;  22.78;  35.56;   416;   594;  6580;  1530;     0;     0;   -55;   -55;   9.2; drag-lps8-01; 7; 7; 125000; 3593
2022-11-02 14:36:35; hka-aqm-a014;  22.80;  35.52;   421;   587;  8146;  1867;     1;     0;   -53;   -53;   8.8; drag-lps8-01; 6; 7; 125000; 3595
2022-11-02 14:36:55; hka-aqm-a014;  22.78;  35.52;   419;   587;  7845;  1790;     1;     0;   -57;   -57;   9.8; drag-lps8-01; 0; 7; 125000; 3596
2022-11-02 14:37:16; hka-aqm-a014;  22.79;  35.56;   417;   588;  5153;  1183;     1;     0;   -55;   -55;   7.0; drag-lps8-01; 5; 7; 125000; 3597
2022-11-02 14:37:36; hka-aqm-a014;  22.79;  35.59;   416;   588;  4093;   943;     0;     0;   -54;   -54;   8.2; drag-lps8-01; 1; 7; 125000; 3598
2022-11-02 14:37:56; hka-aqm-a014;  22.80;  35.59;   415;   589;  1203;   291;     0;     0;   -55;   -55;  10.0; drag-lps8-01; 4; 7; 125000; 3599
2022-11-02 14:38:17; hka-aqm-a014;  22.82;  35.49;   414;   584;   670;   160;     1;     0;   -55;   -55;   6.8; drag-lps8-01; 2; 7; 125000; 3600
2022-11-02 14:38:37; hka-aqm-a014;  22.81;  35.52;   413;   580;   456;   114;     1;     0;   -55;   -55;   7.0; drag-lps8-01; 5; 7; 125000; 3601
2022-11-02 14:38:56; hka-aqm-a014;  22.82;  35.49;   413;   582;   353;    88;     1;     0;   -55;   -55;   9.5; drag-lps8-01; 1; 7; 125000; 3602
2022-11-02 14:39:16; hka-aqm-a014;  22.80;  35.46;   413;   597;   251;    60;     1;     0;   -53;   -53;   8.2; drag-lps8-01; 6; 7; 125000; 3603
2022-11-02 14:39:36; hka-aqm-a014;  22.81;  35.46;   413;   592;    75;    18;     1;     0;   -57;   -57;   9.5; drag-lps8-01; 7; 7; 125000; 3604
2022-11-02 14:39:56; hka-aqm-a014;  22.82;  35.46;   413;   588;   187;    42;     0;     0;   -55;   -55;   8.8; drag-lps8-01; 3; 7; 125000; 3605
2022-11-02 14:41:35; hka-aqm-a014;  22.79;  35.32;   418;   577;   426;   105;     1;     0;   -54;   -54;   9.2; drag-lps8-01; 4; 7; 125000; 3606
2022-11-02 14:41:55; hka-aqm-a014;  22.79;  35.32;   416;   576;  1390;   331;     0;     0;   -57;   -57;   9.8; drag-lps8-01; 0; 7; 125000; 3607
2022-11-02 14:42:17; hka-aqm-a014;  22.79;  35.39;   415;   574;   272;    67;     2;     0;   -55;   -55;   7.2; drag-lps8-01; 2; 7; 125000; 3608
2022-11-02 14:42:36; hka-aqm-a014;  22.80;  35.36;   414;   575;   141;    33;     2;     0;   -57;   -57;   9.8; drag-lps8-01; 4; 7; 125000; 3610
2022-11-02 14:42:57; hka-aqm-a014;  22.81;  35.39;   414;   573;    62;    15;     1;     0;   -57;   -57;  10.5; drag-lps8-01; 7; 7; 125000; 3612
2022-11-02 14:46:17; hka-aqm-a014;  22.82;  35.49;   414;   575;   239;    60;     1;     0;   -54;   -54;   8.0; drag-lps8-01; 6; 7; 125000; 3613
2022-11-02 14:46:37; hka-aqm-a014;  22.80;  35.56;   413;   574;   348;    84;     1;     0;   -55;   -55;   7.8; drag-lps8-01; 5; 7; 125000; 3614
2022-11-02 14:47:16; hka-aqm-a014;  22.81;  35.69;   411;   614;   393;    92;     0;     0;   -57;   -57;   9.8; drag-lps8-01; 3; 7; 125000; 3615
2022-11-02 14:47:55; hka-aqm-a014;  22.82;  35.79;   416;   600;   509;   114;     1;     0;   -55;   -55;   7.2; drag-lps8-01; 2; 7; 125000; 3616
2022-11-02 14:48:15; hka-aqm-a014;  22.81;  35.82;   415;   598;   415;    96;     1;     0;   -55;   -55;   8.5; drag-lps8-01; 7; 7; 125000; 3617
2022-11-02 14:48:35; hka-aqm-a014;  22.81;  35.86;   414;   636;    85;    21;     1;     0;   -57;   -57;   9.5; drag-lps8-01; 3; 7; 125000; 3618
2022-11-02 15:07:56; hka-aqm-a014;  22.78;  35.76;   414;   602;  1095;   266;     1;     1;   -54;   -54;   6.5; drag-lps8-01; 5; 7; 125000; 3620
2022-11-02 15:08:17; hka-aqm-a014;  22.77;  35.79;   413;   598;   595;   149;     1;     0;   -55;   -55;  10.2; drag-lps8-01; 4; 7; 125000; 3621
2022-11-02 15:09:15; hka-aqm-a014;  22.78;  35.86;   415;   616;   437;   116;     1;     0;   -57;   -57;   9.8; drag-lps8-01; 6; 7; 125000; 3622
2022-11-02 15:09:36; hka-aqm-a014;  22.76;  35.86;   413;   615;   836;   211;     0;     0;   -53;   -53;   7.5; drag-lps8-01; 2; 7; 125000; 3623
2022-11-02 15:09:57; hka-aqm-a014;  22.78;  35.86;   413;   560;   534;   139;     0;     0;   -54;   -54;   8.0; drag-lps8-01; 1; 7; 125000; 3624
2022-11-02 15:10:36; hka-aqm-a014;  22.77;  35.82;   413;   595;   472;   123;     1;     0;   -54;   -54;   9.0; drag-lps8-01; 6; 7; 125000; 3625
2022-11-02 15:10:56; hka-aqm-a014;  22.78;  35.79;   413;   601;   780;   195;     1;     0;   -54;   -54;   9.2; drag-lps8-01; 4; 7; 125000; 3626
2022-11-02 15:11:16; hka-aqm-a014;  22.77;  35.72;   413;   600;  1448;   352;     0;     0;   -55;   -55;   6.8; drag-lps8-01; 2; 7; 125000; 3627
2022-11-02 15:12:15; hka-aqm-a014;  22.75;  35.52;   421;   598;  1088;   273;     1;     1;   -55;   -55;   8.2; drag-lps8-01; 0; 7; 125000; 3628
2022-11-02 15:12:37; hka-aqm-a014;  22.75;  35.52;   418;   595;   426;   102;     1;     1;   -57;   -57;  10.0; drag-lps8-01; 7; 7; 125000; 3629
2022-11-02 15:12:57; hka-aqm-a014;  22.77;  35.46;   416;   591;   272;    67;     1;     1;   -54;   -54;   8.2; drag-lps8-01; 1; 7; 125000; 3630
2022-11-02 15:14:16; hka-aqm-a014;  22.76;  35.36;   414;   594;   109;    27;     1;     1;   -54;   -54;   7.5; drag-lps8-01; 5; 7; 125000; 3631
2022-11-02 15:19:37; hka-aqm-a014;  22.74;  35.12;   414;   588;   554;   156;     1;     1;   -57;   -57;  10.0; drag-lps8-01; 3; 7; 125000; 3632
2022-11-02 15:19:57; hka-aqm-a014;  22.75;  35.09;   414;   586;  1006;   272;     1;     1;   -57;   -57;   9.0; drag-lps8-01; 1; 7; 125000; 3634
2022-11-02 15:20:17; hka-aqm-a014;  22.74;  35.06;   414;   584;  2261;   571;     1;     0;   -55;   -55;   8.8; drag-lps8-01; 7; 7; 125000; 3636
2022-11-02 15:20:55; hka-aqm-a014;  22.75;  35.06;   418;   583;  2551;   643;     0;     0;   -55;   -55;  10.2; drag-lps8-01; 4; 7; 125000; 3637
2022-11-02 15:21:16; hka-aqm-a014;  22.76;  35.06;   415;   582;  2407;   600;     0;     0;   -55;   -55;   9.0; drag-lps8-01; 3; 7; 125000; 3638
2022-11-02 15:21:36; hka-aqm-a014;  22.76;  35.06;   414;   582;  2588;   653;     1;     0;   -57;   -57;   8.0; drag-lps8-01; 2; 7; 125000; 3639
2022-11-02 15:22:56; hka-aqm-a014;  22.75;  34.96;   414;   637;  5649;  1460;     1;     0;   -54;   -54;   8.8; drag-lps8-01; 6; 7; 125000; 3640
2022-11-02 15:23:55; hka-aqm-a014;  22.76;  34.86;   421;   620;  9260;  2377;     1;     0;   -57;   -57;   8.8; drag-lps8-01; 0; 7; 125000; 3641
2022-11-02 15:24:35; hka-aqm-a014;  22.74;  34.86;   421;   630; 10756;  2760;     1;     0;   -57;   -57;  10.0; drag-lps8-01; 1; 7; 125000; 3642
2022-11-02 15:25:17; hka-aqm-a014;  22.76;  34.86;   415;   604; 11213;  2907;     1;     0;   -55;   -55;   7.5; drag-lps8-01; 5; 7; 125000; 3643
2022-11-02 15:25:36; hka-aqm-a014;  22.75;  34.89;   413;   603; 11028;  2858;     1;     0;   -57;   -57;   9.2; drag-lps8-01; 3; 7; 125000; 3644
2022-11-02 15:25:56; hka-aqm-a014;  22.76;  34.76;   412;   604; 10597;  2741;     1;     0;   -54;   -54;   8.0; drag-lps8-01; 6; 7; 125000; 3645
2022-11-02 15:26:17; hka-aqm-a014;  22.78;  34.79;   411;   604; 10695;  2759;     1;     0;   -55;   -55;   7.0; drag-lps8-01; 2; 7; 125000; 3646
2022-11-02 15:26:37; hka-aqm-a014;  22.75;  34.79;   411;   581; 10106;  2608;     0;     0;   -55;   -55;   6.8; drag-lps8-01; 7; 7; 125000; 3647
2022-11-02 15:27:16; hka-aqm-a014;  22.78;  34.92;   415;   595;  9368;  2412;     1;     0;   -54;   -54;   8.8; drag-lps8-01; 4; 7; 125000; 3648
2022-11-02 15:27:56; hka-aqm-a014;  22.76;  34.76;   413;   602;  6746;  1741;     0;     0;   -55;   -55;   7.2; drag-lps8-01; 5; 7; 125000; 3650
2022-11-02 15:28:35; hka-aqm-a014;  22.77;  34.72;   417;   598;  5040;  1299;     0;     0;   -54;   -54;   8.8; drag-lps8-01; 4; 7; 125000; 3651
2022-11-02 15:29:15; hka-aqm-a014;  22.79;  34.79;   420;   596;  3291;   849;     1;     0;   -54;   -54;   6.2; drag-lps8-01; 2; 7; 125000; 3652
2022-11-02 15:29:37; hka-aqm-a014;  22.78;  34.86;   417;   596;  2159;   567;     1;     0;   -54;   -54;   9.8; drag-lps8-01; 1; 7; 125000; 3653
2022-11-02 15:29:56; hka-aqm-a014;  22.78;  34.86;   415;   598;  2569;   657;     0;     0;   -57;   -57;   9.5; drag-lps8-01; 0; 7; 125000; 3654
2022-11-02 15:30:16; hka-aqm-a014;  22.78;  34.86;   413;   602;  1525;   399;     0;     0;   -55;   -55;   9.0; drag-lps8-01; 6; 7; 125000; 3655
2022-11-02 15:30:37; hka-aqm-a014;  22.79;  34.92;   412;   599;  1607;   409;     0;     2;   -57;   -57;   8.5; drag-lps8-01; 7; 7; 125000; 3656
2022-11-02 15:30:56; hka-aqm-a014;  22.77;  34.92;   411;   601;  1340;   342;     2;     2;   -55;   -55;   8.8; drag-lps8-01; 1; 7; 125000; 3658
2022-11-02 15:31:17; hka-aqm-a014;  22.78;  34.89;   411;   596;  1910;   480;     2;     0;   -57;   -57;  10.5; drag-lps8-01; 3; 7; 125000; 3660
2022-11-02 15:31:36; hka-aqm-a014;  22.78;  34.86;   411;   599;  1239;   312;     1;     0;   -57;   -57;  10.2; drag-lps8-01; 0; 7; 125000; 3661
2022-11-02 15:31:56; hka-aqm-a014;  22.79;  34.92;   412;   624;   750;   192;     1;     0;   -57;   -57;   7.5; drag-lps8-01; 2; 7; 125000; 3662
2022-11-02 15:32:17; hka-aqm-a014;  22.79;  34.86;   412;   613;   901;   233;     1;     0;   -55;   -55;   7.0; drag-lps8-01; 5; 7; 125000; 3663
2022-11-02 15:32:55; hka-aqm-a014;  22.78;  34.92;   416;   605;   770;   197;     2;     0;   -57;   -57;   8.5; drag-lps8-01; 7; 7; 125000; 3664
2022-11-02 15:33:17; hka-aqm-a014;  22.76;  34.92;   415;   601;   525;   143;     2;     0;   -55;   -55;   9.0; drag-lps8-01; 6; 7; 125000; 3665
2022-11-02 15:33:37; hka-aqm-a014;  22.78;  34.92;   414;   599;   726;   187;     0;     0;   -55;   -55;   9.2; drag-lps8-01; 1; 7; 125000; 3666
2022-11-02 15:33:56; hka-aqm-a014;  22.78;  34.92;   414;   604;   429;   117;     0;     1;   -57;   -57;   9.5; drag-lps8-01; 3; 7; 125000; 3667
2022-11-02 15:34:16; hka-aqm-a014;  22.79;  34.92;   414;   622;   369;   100;     0;     1;   -55;   -55;   8.2; drag-lps8-01; 7; 7; 125000; 3668
2022-11-02 15:34:36; hka-aqm-a014;  22.78;  34.89;   414;   618;   220;    60;     1;     0;   -57;   -57;   9.5; drag-lps8-01; 0; 7; 125000; 3669
2022-11-02 15:34:56; hka-aqm-a014;  22.78;  34.89;   414;   610;   121;    31;     1;     0;   -55;   -55;   6.8; drag-lps8-01; 5; 7; 125000; 3670
2022-11-02 15:50:03; hka-aqm-a014;  22.74;  35.39;   416;   625;    46;    11;     2;     0;   -55;   -55;   9.2; drag-lps8-01; 4; 7; 125000; 3671
2022-11-02 16:05:09; hka-aqm-a014;  22.72;  36.29;   422;   667;    76;    12;     1;     1;   -55;   -55;   8.0; drag-lps8-01; 2; 7; 125000; 3672
2022-11-02 16:20:16; hka-aqm-a014;  22.76;  37.05;   415;   782;    69;     9;     2;     2;   -55;   -55;   9.8; drag-lps8-01; 1; 7; 125000; 3673
2022-11-02 16:35:22; hka-aqm-a014;  22.84;  37.65;   422;   973;    65;    10;     0;     1;   -55;   -55;   9.2; drag-lps8-01; 6; 7; 125000; 3674
2022-11-02 16:50:29; hka-aqm-a014;  22.87;  37.81;   428;   984;    57;     6;     1;     2;   -57;   -57;   9.8; drag-lps8-01; 0; 7; 125000; 3675
2022-11-02 17:05:37; hka-aqm-a014;  22.88;  38.67;   427;  1031;    50;     5;     2;     2;   -55;   -55;   8.8; drag-lps8-01; 3; 7; 125000; 3676
2022-11-02 17:20:43; hka-aqm-a014;  22.94;  38.97;   434;  1084;    50;     5;     1;     1;   -55;   -55;  10.2; drag-lps8-01; 4; 7; 125000; 3677
2022-11-02 17:35:50; hka-aqm-a014;  22.96;  39.16;   447;  1570;    50;     5;     0;     1;   -55;   -55;   8.5; drag-lps8-01; 7; 7; 125000; 3678
2022-11-02 17:50:57; hka-aqm-a014;  22.96;  39.16;   448;  1452;    52;     7;     2;     2;   -54;   -54;   7.0; drag-lps8-01; 5; 7; 125000; 3679
2022-11-02 18:06:10; hka-aqm-a014;  23.00;  38.97;   456;  1250;    50;     5;     1;     0;   -58;   -58;   9.8; drag-lps8-01; 0; 7; 125000; 3681
2022-11-02 18:21:18; hka-aqm-a014;  23.02;  38.83;   474;  1155;    52;     7;     2;     2;   -59;   -59;  10.5; drag-lps8-01; 1; 7; 125000; 3682
2022-11-02 18:36:24; hka-aqm-a014;  23.02;  38.57;   461;  1113;    49;     5;     1;     0;   -57;   -57;   9.0; drag-lps8-01; 6; 7; 125000; 3683
2022-11-02 18:51:30; hka-aqm-a014;  23.03;  38.44;   461;  1096;    49;     5;     0;     1;   -55;   -55;   7.0; drag-lps8-01; 5; 7; 125000; 3684
2022-11-02 19:06:37; hka-aqm-a014;  23.02;  38.18;   462;  1191;    50;     5;     2;     2;   -53;   -53;   9.8; drag-lps8-01; 7; 7; 125000; 3685
2022-11-02 19:21:43; hka-aqm-a014;  23.04;  37.84;   460;  1096;    50;     5;     0;     0;   -55;   -55;   9.0; drag-lps8-01; 4; 7; 125000; 3686
2022-11-02 19:36:50; hka-aqm-a014;  23.04;  37.78;   462;  1115;    49;     5;     1;     1;   -57;   -57;   8.2; drag-lps8-01; 3; 7; 125000; 3687
2022-11-02 19:51:57; hka-aqm-a014;  23.02;  37.58;   466;  1077;    52;     7;     2;     2;   -55;   -55;   7.0; drag-lps8-01; 2; 7; 125000; 3688
2022-11-02 20:07:03; hka-aqm-a014;  23.03;  37.45;   469;  1066;    50;     5;     0;     1;   -57;   -57;   9.8; drag-lps8-01; 1; 7; 125000; 3689
2022-11-02 20:22:10; hka-aqm-a014;  23.02;  37.51;   474;  1078;    50;     5;     1;     1;   -55;   -55;   7.5; drag-lps8-01; 5; 7; 125000; 3690
2022-11-02 20:37:17; hka-aqm-a014;  23.02;  37.35;   468;  1049;    50;     5;     2;     2;   -59;   -59;   9.8; drag-lps8-01; 3; 7; 125000; 3691
2022-11-02 20:52:24; hka-aqm-a014;  23.01;  37.25;   470;  1030;    49;     5;     0;     1;   -57;   -57;   9.2; drag-lps8-01; 7; 7; 125000; 3692
2022-11-02 21:07:30; hka-aqm-a014;  22.98;  37.25;   472;  1006;     7;     1;     0;     0;   -57;   -57;   7.0; drag-lps8-01; 2; 7; 125000; 3693
2022-11-02 21:22:37; hka-aqm-a014;  22.92;  37.25;   462;   955;     7;     0;     2;     2;   -58;   -58;   8.5; drag-lps8-01; 0; 7; 125000; 3694
2022-11-02 21:37:43; hka-aqm-a014;  22.88;  37.35;   465;   991;     7;     0;     0;     0;   -57;   -57;   8.8; drag-lps8-01; 6; 7; 125000; 3695
2022-11-02 21:52:50; hka-aqm-a014;  22.82;  37.25;   460;  1038;     7;     0;     0;     0;   -55;   -55;   9.8; drag-lps8-01; 4; 7; 125000; 3696
2022-11-02 22:07:57; hka-aqm-a014;  22.78;  37.35;   461;   939;     7;     0;     2;     2;   -57;   -57;   8.5; drag-lps8-01; 0; 7; 125000; 3697
2022-11-02 22:23:04; hka-aqm-a014;  22.78;  36.98;   469;   801;     7;     0;     0;     0;   -55;   -55;   9.0; drag-lps8-01; 1; 7; 125000; 3698
2022-11-02 22:38:10; hka-aqm-a014;  22.73;  36.85;   480;   831;    10;     3;     0;     0;   -57;   -57;   9.0; drag-lps8-01; 3; 7; 125000; 3699
2022-11-02 22:53:18; hka-aqm-a014;  22.71;  36.79;   464;   792;     7;     0;     2;     2;   -57;   -57;   8.5; drag-lps8-01; 6; 7; 125000; 3700
2022-11-02 23:08:31; hka-aqm-a014;  22.71;  36.79;   468;   835;     7;     0;     1;     0;   -57;   -57;   7.8; drag-lps8-01; 5; 7; 125000; 3702
2022-11-02 23:23:44; hka-aqm-a014;  22.67;  36.65;   463;   780;     7;     2;     0;     0;   -54;   -54;   8.8; drag-lps8-01; 4; 7; 125000; 3704
2022-11-02 23:38:50; hka-aqm-a014;  22.67;  36.59;   465;   775;     7;     0;     0;     0;   -55;   -55;   8.5; drag-lps8-01; 0; 7; 125000; 3705
2022-11-02 23:53:59; hka-aqm-a014;  22.66;  36.62;   454;   782;     7;     0;     2;     2;   -54;   -54;   8.5; drag-lps8-01; 6; 7; 125000; 3706
